#START7777
#--------------------------------------------------------------------------------------------------
#  WD1    : 1분 평균 풍향 (degree) : 0-N, 90-E, 180-S, 270-W, 360-무풍 
#  WS1    : 1분 평균 풍속 (m/s) 
#  WDS    : 최대 순간 풍향 (degree) 
#  WSS    : 최대 순간 풍속 (m/s) 
#  WD10   : 10분 평균 풍향 (degree) 
#  WS10   : 10분 평균 풍속 (m/s) 
#  TA     : 1분 평균 기온 (C) 
#  RE     : 강수감지 (0-무강수, 0이 아니면-강수) 
#  RN-15m : 15분 누적 강수량 (mm) 
#  RN-60m : 60분 누적 강수량 (mm) 
#  RN-12H : 12시간 누적 강수량 (mm) 
#  RN-DAY : 일 누적 강수량 (mm) 
#  HM     : 1분 평균 상대습도 (%) 
#  PA     : 1분 평균 현지기압 (hPa) 
#  PS     : 1분 평균 해면기압 (hPa) 
#  TD     : 이슬점온도 (C) 
#  *) -50 이하면 관측이 없거나, 에러처리된 것을 표시 
#--------------------------------------------------------------------------------------------------
# YYMMDDHHMI   STN    WD1    WS1    WDS    WSS   WD10   WS10     TA     RE RN-15m RN-60m RN-12H RN-DAY     HM     PA     PS     TD
#        KST    ID    deg    m/s    deg    m/s    deg    m/s      C      1     mm     mm     mm     mm      %    hPa    hPa     C
202406021409,90,133.0,3.2,150.0,4.1,123.2,3.0,19.3,0.0,0.0,0.0,0.0,0.6,70.1,1009.1,1011.1,13.7,=
202406021409,92,110.0,3.4,150.0,5.1,110.0,3.4,17.8,-99.9,0.0,0.0,0.0,0.1,76.0,1003.2,1012.0,13.5,=
202406021409,93,107.5,2.4,109.6,3.0,112.7,2.2,23.7,0.0,0.0,0.0,0.0,0.0,39.2,997.5,1008.4,9.0,=
202406021409,95,260.2,1.5,287.1,2.9,280.2,1.7,23.7,0.0,0.0,0.0,0.0,0.0,41.8,991.0,1008.6,10.0,=
202406021409,96,68.5,3.5,11.4,6.7,82.6,3.1,16.4,0.0,0.0,0.0,0.0,0.0,77.4,998.5,1010.1,12.4,=
202406021409,98,343.9,2.4,323.7,3.5,340.4,1.5,24.2,0.0,0.0,0.0,0.0,0.0,37.7,995.2,1008.3,8.9,=
202406021409,99,325.9,1.8,14.0,2.9,286.7,2.1,25.2,0.0,0.0,0.0,0.0,0.0,46.1,1005.4,1008.9,12.8,=
202406021409,100,80.4,2.6,95.6,3.3,79.9,2.4,12.8,0.0,0.0,0.0,0.1,3.2,84.5,923.4,1011.0,10.3,=
202406021409,101,92.7,1.1,82.6,1.9,79.0,1.5,24.2,0.0,0.0,0.0,0.0,0.0,34.3,999.2,1007.8,7.5,=
202406021409,102,306.5,3.7,312.3,4.8,303.7,4.0,22.1,0.0,0.0,0.0,0.0,0.0,37.1,1005.1,1009.2,6.8,=
202406021409,104,71.1,1.6,67.7,2.8,71.9,1.2,17.8,0.0,0.0,0.0,0.0,3.1,75.6,1001.8,1010.6,13.4,=
202406021409,105,43.3,0.5,186.6,1.0,49.8,1.1,19.0,0.0,0.0,0.0,0.0,3.6,67.1,1007.9,1011.1,12.8,=
202406021409,106,44.0,2.5,51.0,3.0,44.5,2.6,18.4,0.0,0.0,0.0,0.0,0.1,69.3,1006.4,1011.1,12.7,=
202406021409,108,244.4,2.2,210.8,4.7,312.4,2.5,25.1,0.0,0.0,0.0,0.0,0.0,38.6,998.4,1008.1,10.0,=
202406021409,110,280.0,6.1,300.0,7.6,270.0,5.0,25.6,-99.9,-99.9,-99.9,-99.9,-99.5,41.0,1007.3,1008.6,11.4,=
202406021409,112,245.5,2.9,178.0,4.9,214.2,3.5,22.4,0.0,0.0,0.0,0.0,0.0,52.1,1001.4,1009.3,12.1,=
202406021409,113,240.0,4.6,260.0,7.2,230.0,4.8,22.8,-99.9,0.0,0.0,0.0,0.0,45.0,1009.4,1010.2,10.3,=
202406021409,114,232.6,1.3,211.5,1.7,210.0,1.2,23.1,0.0,0.0,0.0,0.0,0.0,39.6,991.3,1008.3,8.6,=
202406021409,115,86.2,1.2,56.2,2.1,113.1,1.2,19.4,0.0,0.0,0.0,0.0,0.0,67.5,984.3,1009.6,13.2,=
202406021409,116,348.0,1.6,3.0,3.0,348.7,1.6,19.8,0.0,0.0,0.0,0.0,0.0,43.6,938.4,1008.1,7.1,=
202406021409,119,248.8,4.6,287.9,4.9,273.3,4.1,24.7,0.0,0.0,0.0,0.0,0.0,39.0,1004.3,1008.8,9.8,=
202406021409,121,294.0,2.6,284.8,3.6,280.0,2.2,23.2,0.0,0.0,0.0,0.0,0.0,36.7,980.8,1007.9,7.6,=
202406021409,127,288.3,2.2,343.3,3.5,314.1,1.8,24.9,0.0,0.0,0.0,0.0,0.0,37.7,994.5,1007.5,9.5,=
202406021409,128,-99.9,-99.9,-99.9,-99.9,-99.9,-99.9,-99.9,-99.9,-99.9,-99.9,-99.9,-99.9,-99.9,-99.9,-99.9,-99.9,=
202406021409,129,280.0,4.1,273.6,5.5,288.0,3.2,25.2,0.0,0.0,0.0,0.0,0.0,35.4,1007.2,1010.1,8.8,=
202406021409,130,59.3,2.4,93.2,3.0,88.8,2.2,18.7,0.0,0.0,0.0,0.0,0.0,68.6,1005.2,1010.9,12.8,=
202406021409,131,281.8,2.4,304.0,4.1,275.9,3.0,25.9,0.0,0.0,0.0,0.0,0.0,31.2,1001.5,1008.2,7.6,=
202406021409,133,325.2,3.5,344.5,4.8,322.1,3.7,26.4,0.0,0.0,0.0,0.0,0.0,32.4,1001.2,1008.9,8.6,=
202406021409,135,252.2,4.7,242.0,7.7,268.0,4.4,24.2,0.0,-99.9,-99.9,-99.9,-99.5,38.6,980.5,1007.9,9.2,=
202406021409,136,334.0,2.6,354.6,3.1,283.6,2.2,25.2,0.0,0.0,0.0,0.0,0.0,40.7,992.7,1008.7,10.9,=
202406021409,137,353.3,2.2,349.0,3.3,7.3,1.6,26.0,0.0,0.0,0.0,0.0,0.0,38.3,996.5,1007.4,10.7,=
202406021409,138,46.6,5.0,44.1,5.8,44.5,4.6,19.0,0.0,0.0,0.0,0.0,0.0,70.7,1009.1,1009.6,13.6,=
202406021409,139,-99.9,-99.9,-99.9,-99.9,-99.9,-99.9,-99.9,-99.9,-99.9,-99.9,-99.9,-99.9,-99.9,-99.9,-99.9,-99.9,=
202406021409,140,272.8,2.9,316.3,6.4,296.0,4.1,21.0,0.0,0.0,0.0,0.0,0.0,65.9,1008.1,1011.3,14.4,=
202406021409,142,-99.9,-99.9,-99.9,-99.9,-99.9,-99.9,-99.9,-99.9,-99.9,-99.9,-99.9,-99.9,-99.9,-99.9,-99.9,-99.9,=
202406021409,143,315.7,2.4,282.8,4.7,323.6,2.2,25.1,0.0,0.0,0.0,0.0,0.0,31.0,1001.9,1008.1,6.8,=
202406021409,146,294.4,2.6,290.5,3.3,284.7,2.2,25.3,0.0,0.0,0.0,0.0,0.0,39.4,1002.9,1009.8,10.5,=
202406021409,151,100.0,4.6,120.0,7.0,90.0,4.3,20.0,-99.9,0.0,0.0,0.0,0.0,68.0,1009.0,1010.5,13.9,=
202406021409,152,76.2,3.0,98.0,5.2,83.5,4.0,19.6,0.0,0.0,0.0,0.0,0.0,66.7,999.7,1009.0,13.2,=
202406021409,153,-99.9,-99.9,-99.9,-99.9,-99.9,-99.9,-99.9,-99.9,-99.9,-99.9,-99.9,-99.9,-99.9,-99.9,-99.9,-99.9,=
202406021409,155,297.0,2.2,1.0,4.3,327.1,1.9,25.7,0.0,0.0,0.0,0.0,0.0,32.8,1004.1,1008.1,8.1,=
202406021409,156,16.2,2.3,332.8,2.9,31.6,2.6,26.5,0.0,0.0,0.0,0.0,0.0,31.8,1001.7,1009.7,8.4,=
202406021409,158,-99.9,-99.9,-99.9,-99.9,-99.9,-99.9,-99.9,-99.9,-99.9,-99.9,-99.9,-99.9,-99.9,-99.9,-99.9,-99.9,=
202406021409,159,105.7,3.0,117.8,4.0,82.6,2.9,22.2,0.0,0.0,0.0,0.0,0.0,66.2,1000.8,1008.8,15.6,=
202406021409,160,169.1,5.7,163.1,6.4,171.5,6.2,17.5,0.0,0.0,0.0,0.0,0.0,78.7,-99.7,-99.7,13.8,=
202406021409,161,-99.9,-99.9,-99.9,-99.9,-99.9,-99.9,-99.9,-99.9,-99.9,-99.9,-99.9,-99.9,-99.9,-99.9,-99.9,-99.9,=
202406021409,162,151.7,5.0,147.3,6.2,141.3,3.6,24.0,0.0,0.0,0.0,0.0,0.0,44.6,1005.3,1008.9,11.2,=
202406021409,163,330.0,3.9,360.0,6.0,320.0,3.7,23.5,-99.9,0.0,0.0,0.0,0.0,49.0,1010.0,1011.2,12.2,=
202406021409,165,311.2,3.8,313.7,5.7,322.1,4.8,23.3,0.0,0.0,0.0,0.0,0.0,61.1,1005.6,1010.7,15.4,=
202406021409,167,180.0,5.2,200.0,7.4,170.0,5.5,25.7,-99.9,0.0,0.0,0.0,0.0,38.0,1008.0,1010.0,10.3,=
202406021409,168,221.0,2.6,216.5,3.4,220.8,2.7,24.6,0.0,0.0,0.0,0.0,0.0,39.3,1001.7,1009.2,9.9,=
202406021409,169,329.0,2.3,353.0,3.7,320.7,2.3,23.1,0.0,0.0,0.0,0.0,0.0,60.8,1002.5,1011.1,15.1,=
202406021409,170,288.0,4.0,323.0,6.4,284.2,3.6,26.0,0.0,0.0,0.0,0.0,0.0,47.8,1005.9,1009.9,14.1,=
202406021409,172,299.5,5.6,299.1,6.4,315.2,5.4,26.0,0.0,0.0,0.0,0.0,0.0,40.8,1004.1,1010.1,11.7,=
202406021409,174,307.0,3.4,308.8,5.3,333.0,2.8,25.0,0.0,0.0,0.0,0.0,0.0,29.9,989.3,1007.9,6.2,=
202406021409,175,296.8,3.4,264.6,5.5,296.8,3.4,20.2,0.0,0.0,0.0,0.0,0.0,69.8,957.0,1011.0,14.5,=
202406021409,177,319.4,2.5,284.8,4.2,297.1,3.8,24.6,0.0,0.0,0.0,0.0,0.0,40.0,1006.9,1010.0,10.1,=
202406021409,181,327.8,2.9,304.8,4.9,305.6,5.1,24.4,0.0,0.0,0.0,0.0,0.0,40.2,1005.0,1008.6,10.0,=
202406021409,182,300.0,3.8,320.0,6.1,290.0,3.8,20.9,-99.9,0.0,0.0,0.0,0.0,66.0,1009.0,1012.1,14.3,=
202406021409,184,330.3,4.4,335.0,5.9,308.6,3.9,23.0,0.0,0.0,0.0,0.0,0.0,57.7,1008.8,1011.2,14.2,=
202406021409,185,298.7,9.4,326.5,9.5,304.4,8.6,20.4,0.0,0.0,0.0,0.0,0.0,72.6,1003.2,1011.5,15.3,=
202406021409,188,26.7,3.5,13.4,4.3,72.5,3.7,24.4,0.0,0.0,0.0,0.0,0.0,36.9,1008.4,1010.7,8.7,=
202406021409,189,213.0,3.1,228.0,5.2,214.5,3.4,23.9,0.0,0.0,0.0,0.0,0.0,49.8,1004.9,1010.8,12.8,=
202406021409,192,21.0,1.2,354.6,1.6,321.8,1.6,28.2,0.0,0.0,0.0,0.0,0.0,30.6,1005.0,1008.3,9.3,=
202406021409,201,247.2,6.0,242.0,7.4,248.8,5.0,22.7,0.0,0.0,0.0,0.0,0.0,48.5,1004.7,1010.2,11.3,=
202406021409,202,304.4,3.1,337.7,5.1,326.1,2.1,26.5,0.0,0.0,0.0,0.0,0.0,33.9,1003.0,1008.4,9.3,=
202406021409,203,287.5,1.7,273.0,2.5,308.5,1.5,25.4,0.0,0.0,0.0,0.0,0.0,35.5,999.8,1008.9,9.1,=
202406021409,211,70.1,2.0,78.8,2.8,46.5,2.0,22.0,0.0,0.0,0.0,0.0,0.0,51.6,985.9,1008.8,11.6,=
202406021409,212,139.0,0.9,126.5,1.8,82.2,1.4,24.7,0.0,0.0,0.0,0.0,0.0,38.5,992.6,1008.5,9.6,=
202406021409,216,61.0,3.5,91.0,5.5,38.4,3.3,16.0,0.0,0.0,0.0,0.0,0.0,68.5,928.6,1008.8,10.2,=
202406021409,217,13.6,2.4,12.9,3.6,6.0,1.8,20.1,0.0,0.0,0.0,0.0,0.0,49.7,973.1,1008.7,9.3,=
202406021409,221,268.8,2.3,247.6,3.0,189.6,2.9,23.0,0.0,0.0,0.0,0.0,0.0,43.0,978.0,1007.7,9.8,=
202406021409,226,329.8,2.7,337.7,3.5,337.2,3.6,24.8,0.0,0.0,0.0,0.0,0.0,39.4,989.0,1008.4,10.1,=
202406021409,229,268.7,2.4,276.3,2.8,258.7,2.7,21.3,0.0,-99.9,-99.9,-99.9,-99.5,73.4,998.9,1011.0,16.4,=
202406021409,230,258.7,2.5,257.6,3.1,275.3,2.3,19.5,0.0,0.0,0.0,0.0,0.0,66.9,1009.8,1011.2,13.2,=
202406021409,232,272.0,4.5,281.5,6.1,269.3,2.5,25.2,0.0,0.0,0.0,0.0,0.0,35.7,999.4,1009.0,9.0,=
202406021409,235,227.0,2.3,250.0,3.6,215.1,2.7,22.9,0.0,0.0,0.0,0.0,0.0,54.6,1009.1,1010.2,13.3,=
202406021409,236,225.2,1.5,222.3,2.3,235.9,2.1,24.8,0.0,0.0,0.0,0.0,0.0,50.4,1008.1,1009.6,13.8,=
202406021409,238,258.6,2.7,247.6,4.2,281.7,2.6,23.3,0.0,0.0,0.0,0.0,0.0,40.3,989.2,1008.7,9.1,=
202406021409,239,334.2,4.2,182.9,5.2,312.5,3.7,25.5,0.0,0.0,0.0,0.0,0.0,33.4,998.4,1008.6,8.2,=
202406021409,243,298.8,5.1,306.7,6.8,295.0,3.4,24.2,0.0,0.0,0.0,0.0,0.0,43.4,1009.3,1010.7,11.0,=
202406021409,244,356.4,2.6,357.5,4.5,338.9,2.1,24.8,0.0,0.0,0.0,0.0,0.0,30.2,981.0,1008.8,6.2,=
202406021409,245,324.0,5.2,341.0,6.5,321.0,4.9,26.0,0.0,0.0,0.0,0.0,0.0,26.8,1002.2,1010.0,5.5,=
202406021409,247,324.6,2.2,290.0,3.9,340.9,2.4,26.5,0.0,0.0,0.0,0.0,0.0,29.2,994.3,1009.3,7.1,=
202406021409,248,339.8,3.2,346.2,4.7,347.4,2.4,23.0,0.0,0.0,0.0,0.0,0.0,38.3,963.1,1008.4,8.0,=
202406021409,251,310.0,4.4,304.0,5.7,308.9,3.8,25.8,0.0,0.0,0.0,0.0,0.0,32.6,1003.0,1009.7,8.1,=
202406021409,252,345.4,3.6,278.3,6.1,343.0,3.2,25.3,0.0,0.0,0.0,0.0,0.0,28.1,1006.4,1010.6,5.5,=
202406021409,253,133.8,2.9,154.8,3.8,127.8,3.7,23.4,0.0,0.0,0.0,0.0,0.0,59.4,1003.0,1009.2,15.0,=
202406021409,254,272.7,2.9,172.9,3.9,354.4,4.0,25.5,0.0,0.0,0.0,0.0,0.0,28.3,994.3,1008.9,5.8,=
202406021409,255,30.0,1.6,68.5,2.8,322.8,1.9,26.0,0.0,0.0,0.0,0.0,0.0,36.9,1002.2,1008.0,10.2,=
202406021409,257,115.5,1.9,113.4,3.4,119.7,3.2,23.6,0.0,0.0,0.0,0.0,0.0,59.0,1007.4,1008.1,15.1,=
202406021409,258,327.1,2.3,339.9,3.7,24.3,3.1,26.9,0.0,0.0,0.0,0.0,0.0,35.4,1009.5,1009.7,10.3,=
202406021409,259,296.0,2.5,343.6,4.1,288.1,3.5,26.4,0.0,0.0,0.0,0.0,0.0,41.8,1007.1,1008.9,12.4,=
202406021409,260,338.2,5.5,349.7,7.9,347.4,3.5,26.4,0.0,0.0,0.0,0.0,0.0,30.3,1004.2,1009.2,7.6,=
202406021409,261,227.0,4.1,217.1,5.5,250.0,2.9,25.5,0.0,0.0,0.0,0.0,0.0,42.0,1008.6,1010.5,11.7,=
202406021409,262,286.0,3.5,298.0,4.8,300.2,3.4,26.9,0.0,0.0,0.0,0.0,0.0,36.6,1003.2,1009.1,10.8,=
202406021409,263,263.7,1.9,288.9,3.2,8.7,3.2,28.0,0.0,0.0,0.0,0.0,0.0,30.3,1006.3,1007.9,9.0,=
202406021409,264,272.4,2.7,278.9,3.8,310.8,3.4,26.7,0.0,0.0,0.0,0.0,0.0,24.2,991.0,1008.1,4.6,=
202406021409,266,125.9,1.2,184.1,4.3,183.1,2.2,25.9,0.0,0.0,0.0,0.0,0.0,39.5,998.9,1008.9,11.1,=
202406021409,268,308.6,3.6,305.5,5.2,306.6,3.0,22.2,0.0,0.0,0.0,0.0,0.0,60.5,1009.3,1010.4,14.2,=
202406021409,269,358.8,2.6,28.3,4.0,360.0,3.0,20.9,0.0,0.0,0.0,0.0,0.0,65.0,1008.4,1011.7,14.1,=
202406021409,271,67.7,1.9,81.5,2.5,77.2,2.3,18.7,0.0,0.0,0.0,0.0,0.0,63.3,971.7,1008.6,11.6,=
202406021409,272,343.6,5.1,334.8,6.4,316.1,3.3,23.3,1.0,0.0,0.0,0.0,0.0,46.2,984.0,1007.8,11.1,=
202406021409,273,286.1,2.3,273.0,3.1,295.4,2.6,24.1,0.0,0.0,0.0,0.0,0.0,38.6,987.9,1007.3,9.1,=
202406021409,276,160.3,3.8,154.0,5.6,154.4,3.6,20.8,0.0,0.0,0.0,0.0,0.0,52.8,984.3,1008.1,10.8,=
202406021409,277,56.3,2.1,45.0,3.1,78.5,2.9,19.0,0.0,-99.9,-99.9,-99.9,-99.5,73.0,1005.6,1010.3,14.1,=
202406021409,278,272.0,2.4,256.1,4.4,289.9,2.0,25.8,0.0,0.0,0.0,0.0,0.0,36.3,997.9,1007.1,9.7,=
202406021409,279,284.1,1.3,267.9,2.5,320.5,1.6,26.2,0.0,0.0,0.0,0.0,0.0,33.0,1003.1,1008.7,8.7,=
202406021409,281,81.2,4.1,78.8,5.9,88.6,3.3,23.3,0.0,-99.9,-99.9,-99.9,-99.5,54.4,997.6,1008.5,13.6,=
202406021409,283,107.3,3.2,96.0,4.2,67.9,2.9,23.0,0.0,0.0,0.0,0.0,0.0,53.7,1004.6,1009.2,13.1,=
202406021409,284,359.3,2.2,14.1,2.8,314.6,2.2,25.0,0.0,0.0,0.0,0.0,0.0,33.1,982.5,1008.2,7.7,=
202406021409,285,55.5,2.1,22.5,2.9,36.1,2.2,27.2,0.0,0.0,0.0,0.0,0.0,22.9,1004.9,1007.9,4.2,=
202406021409,288,348.2,1.6,338.4,2.2,351.1,1.6,26.0,0.0,0.0,0.0,0.0,0.0,25.9,1006.8,1007.7,5.0,=
202406021409,289,342.6,3.0,329.2,4.7,335.0,3.0,26.9,0.0,0.0,0.0,0.0,0.0,30.1,993.1,1008.6,7.9,=
202406021409,294,197.0,3.0,208.3,6.0,217.5,2.9,23.0,0.0,0.0,0.0,0.0,0.0,53.7,1004.2,1009.3,13.1,=
202406021409,295,231.1,2.7,213.8,3.4,222.0,2.5,24.4,0.0,0.0,0.0,0.0,0.0,42.1,1003.5,1008.7,10.7,=
202406021409,296,86.4,3.2,110.8,5.2,96.4,2.7,24.3,0.0,0.0,0.0,0.0,0.0,58.6,1009.0,1009.3,15.7,=
202406021409,300,306.4,3.3,305.6,3.5,308.1,3.6,22.1,0.0,0.0,0.0,0.0,0.0,73.3,1005.6,1010.7,17.1,=
202406021409,301,288.0,4.8,287.0,5.9,297.1,4.5,22.6,0.0,0.0,0.0,0.0,0.0,65.1,1009.6,1010.6,15.7,=
202406021409,302,300.0,2.5,284.0,3.4,291.6,3.1,22.8,0.0,0.0,0.0,0.0,0.0,55.4,1010.1,1010.8,13.4,=
202406021409,303,305.1,2.7,301.1,3.0,305.0,3.0,19.2,0.0,0.0,0.0,0.0,0.0,79.6,999.4,1011.6,15.6,=
202406021409,304,249.0,6.3,246.0,7.9,253.0,6.6,22.2,0.0,0.0,0.0,0.0,0.0,63.0,1007.3,1010.2,14.8,=
202406021409,305,235.6,1.8,153.5,5.8,196.7,2.8,20.5,0.0,0.0,0.0,0.0,0.0,70.4,1007.4,1011.5,14.9,=
202406021409,306,28.2,3.6,28.4,4.1,29.5,3.8,22.1,0.0,0.0,0.0,0.0,0.0,61.7,1009.1,1009.5,14.4,=
202406021409,308,330.7,2.8,331.9,3.2,324.9,2.8,24.0,0.0,0.0,0.0,0.0,0.0,65.8,-99.7,-99.7,17.2,=
202406021409,309,301.6,3.4,270.4,5.8,282.7,2.6,26.6,0.0,0.0,0.0,0.0,0.0,30.7,1006.1,1008.9,8.0,=
202406021409,310,18.8,1.6,8.4,2.4,26.4,1.9,17.8,0.0,0.0,0.0,0.0,1.5,64.3,1009.5,1011.1,11.0,=
202406021409,311,17.0,4.1,19.0,6.2,20.1,2.4,21.7,0.0,0.0,0.0,0.0,0.0,36.0,941.3,1008.3,6.0,=
202406021409,312,63.2,2.9,35.1,3.9,51.8,3.3,20.7,0.0,0.0,0.0,0.0,0.0,57.7,978.7,1008.6,12.1,=
202406021409,313,111.0,1.5,112.0,3.5,88.9,1.6,22.1,0.0,0.0,0.0,0.0,0.0,65.7,1000.2,1008.2,15.4,=
202406021409,314,267.1,0.9,284.4,2.5,267.9,2.4,15.2,0.0,0.0,0.0,0.0,0.0,31.4,844.2,1005.1,-1.6,=
202406021409,315,352.0,2.2,11.0,3.3,353.1,2.8,18.6,0.0,0.0,0.0,0.0,0.0,41.9,889.1,1007.3,5.4,=
202406021409,316,353.0,0.5,38.0,1.0,344.8,1.2,19.1,0.0,0.0,0.0,0.0,0.0,38.8,908.5,1008.6,4.8,=
202406021409,317,290.4,1.8,332.8,3.2,321.4,2.2,25.6,0.0,0.0,0.0,0.0,0.0,38.3,997.3,1009.3,10.4,=
202406021409,318,29.4,3.4,120.3,4.2,23.7,3.3,12.1,0.0,0.0,0.0,0.0,2.0,86.7,913.9,1010.3,10.0,=
202406021409,319,250.1,2.6,247.5,2.7,247.8,1.8,16.9,0.0,0.0,0.0,0.0,0.0,72.9,1004.4,1011.2,12.0,=
202406021409,320,231.7,0.3,188.1,0.9,99.3,0.7,9.2,0.0,0.0,0.0,0.0,0.0,99.9,870.0,1010.8,9.2,=
202406021409,321,78.3,2.8,68.0,4.1,65.7,2.0,21.6,0.0,0.0,0.0,0.5,1.0,56.4,980.0,1008.8,12.6,=
202406021409,322,47.4,1.9,19.6,2.6,74.8,0.6,19.5,0.0,0.0,0.0,0.0,0.0,51.1,959.7,1009.3,9.1,=
202406021409,323,48.0,0.9,55.4,1.4,54.6,1.0,22.3,0.0,0.0,0.0,0.0,0.0,47.1,977.8,1009.0,10.5,=
202406021409,324,328.6,2.3,343.7,3.6,294.5,1.4,23.2,0.0,0.0,0.0,0.0,0.0,39.1,990.3,1007.9,8.5,=
202406021409,325,140.0,1.1,186.0,1.7,205.7,1.5,22.6,0.0,0.0,0.0,0.0,0.0,42.8,982.0,1008.1,9.3,=
202406021409,326,269.7,3.0,254.1,4.1,251.8,1.8,23.5,0.0,0.0,0.0,0.0,0.0,37.2,986.0,1007.5,8.1,=
202406021409,327,295.8,1.3,328.6,2.3,308.9,2.0,24.0,0.0,0.0,0.0,0.0,0.0,37.8,997.3,1008.3,8.7,=
202406021409,328,20.7,2.8,49.2,4.9,19.3,2.8,26.4,0.0,0.0,0.0,0.0,0.0,24.6,1003.6,1010.8,4.6,=
202406021409,329,263.3,3.5,257.9,4.6,264.3,3.1,21.5,0.0,0.0,0.0,0.0,0.0,39.7,968.1,1010.6,7.2,=
202406021409,330,290.3,3.5,286.1,5.0,277.8,4.2,22.5,0.0,0.0,0.0,0.0,0.0,63.4,994.4,1010.9,15.2,=
202406021409,347,11.4,2.1,176.5,3.2,335.2,2.5,23.3,0.0,0.0,0.0,0.0,0.0,37.5,990.9,1008.1,8.0,=
202406021409,348,79.7,2.8,78.8,3.7,81.8,2.8,18.2,0.0,0.0,0.0,0.0,0.0,81.3,-99.7,-99.7,14.9,=
202406021409,349,207.7,2.5,194.1,3.1,270.4,1.6,24.0,0.0,0.0,0.0,0.0,0.0,43.3,-99.7,-99.7,10.8,=
202406021409,350,42.4,4.1,36.6,4.5,42.4,3.7,14.0,0.0,0.0,0.0,0.0,0.0,69.9,941.3,1010.9,8.6,=
202406021409,351,277.0,2.6,296.0,2.7,324.4,3.1,25.0,0.0,0.0,0.0,0.0,0.0,-99.7,-99.7,-99.7,-99.9,=
202406021409,352,144.0,0.8,-99.5,-99.5,297.0,1.3,25.3,-99.5,0.0,0.0,0.0,0.0,-99.5,-99.7,-99.7,-99.9,=
202406021409,353,119.0,1.0,-99.5,-99.5,348.1,1.3,25.5,0.0,0.0,0.0,0.0,0.0,-99.5,-99.7,-99.7,-99.9,=
202406021409,355,237.3,4.7,246.4,8.7,265.4,4.6,25.0,0.0,0.0,0.0,0.0,0.0,48.3,-99.7,-99.7,13.3,=
202406021409,356,251.3,3.8,243.9,9.0,245.7,4.9,24.5,0.0,0.0,0.0,0.0,0.0,49.1,-99.7,-99.7,13.1,=
202406021409,358,269.6,2.7,289.3,9.3,294.0,3.2,24.4,0.0,0.0,0.0,0.0,0.0,39.2,-99.7,-99.7,9.6,=
202406021409,359,-99.5,-99.5,291.7,8.5,-99.9,-99.9,22.4,0.0,0.0,0.0,0.0,0.0,38.3,-99.7,-99.7,7.5,=
202406021409,360,308.6,1.2,358.5,11.2,324.3,1.7,24.1,0.0,0.0,0.0,0.0,0.0,39.8,-99.7,-99.7,9.6,=
202406021409,361,291.0,2.8,274.9,6.6,302.7,1.7,24.5,0.0,0.0,0.0,0.0,0.0,42.6,-99.7,-99.7,11.0,=
202406021409,364,321.3,3.8,323.4,8.8,298.9,3.5,24.9,0.0,0.0,0.0,0.0,0.0,31.1,-99.7,-99.7,6.7,=
202406021409,365,222.2,2.9,222.2,2.9,212.8,2.5,24.9,0.0,0.0,0.0,0.0,0.0,41.1,-99.7,-99.7,10.8,=
202406021409,366,254.5,1.6,233.4,7.0,270.5,2.1,28.1,0.0,0.0,0.0,0.0,0.0,32.9,-99.7,-99.7,10.3,=
202406021409,367,217.9,6.8,226.7,11.7,226.8,5.5,25.0,0.0,0.0,0.0,0.0,0.0,40.4,-99.7,-99.7,10.6,=
202406021409,368,250.3,4.8,-99.5,-99.5,270.9,3.8,25.1,0.0,0.0,0.0,0.0,0.0,29.8,-99.7,-99.7,6.2,=
202406021409,369,202.4,2.7,160.6,9.5,209.9,3.2,25.1,0.0,0.0,0.0,0.0,0.0,45.1,-99.7,-99.7,12.4,=
202406021409,370,255.2,4.6,327.6,9.4,271.5,2.2,26.3,0.0,0.0,0.0,0.0,0.0,42.8,-99.7,-99.7,12.7,=
202406021409,371,344.6,2.3,314.2,10.4,345.0,2.7,25.5,0.0,0.0,0.0,0.0,0.0,34.2,-99.7,-99.7,8.6,=
202406021409,372,-99.9,-99.9,-99.9,-99.9,-99.9,-99.9,-99.9,-99.9,-99.9,-99.9,-99.9,-99.9,-99.9,-99.9,-99.9,-99.9,=
202406021409,373,320.0,3.5,0.0,4.0,331.3,2.1,24.8,-99.5,0.0,0.0,0.0,0.0,38.3,-99.7,-99.7,9.7,=
202406021409,374,276.3,2.8,268.2,11.1,278.1,4.4,24.0,0.0,0.0,0.0,0.0,0.0,47.5,-99.7,-99.7,12.2,=
202406021409,375,-99.9,-99.9,-99.5,-99.9,-99.9,-99.9,-99.9,-99.5,-99.9,-99.9,-99.9,-99.9,-99.9,-99.9,-99.9,-99.9,=
202406021409,376,324.3,3.0,333.4,4.0,304.6,2.4,25.1,0.0,0.0,0.0,0.0,0.0,39.4,1001.0,1008.8,10.3,=
202406021409,377,237.6,1.8,230.7,2.5,270.7,2.0,24.9,0.0,0.0,0.0,0.0,0.0,42.0,1005.5,1008.7,11.1,=
202406021409,378,218.0,1.1,198.0,1.8,287.3,2.4,25.6,0.0,0.0,0.0,0.0,0.0,32.5,1000.8,1008.9,7.9,=
202406021409,379,60.9,1.6,54.3,2.5,307.3,2.2,24.2,0.0,0.0,0.0,0.0,0.0,38.0,975.2,1007.7,9.0,=
202406021409,400,261.3,2.4,270.0,3.6,318.4,2.6,26.6,0.0,0.0,0.0,0.0,0.0,33.6,-99.7,-99.7,9.3,=
202406021409,401,313.1,3.4,237.2,5.4,310.4,2.8,25.3,0.0,0.0,0.0,0.0,0.0,35.0,1004.4,1008.2,8.8,=
202406021409,402,295.4,2.7,292.5,3.8,281.1,2.6,24.8,0.0,0.0,0.0,0.0,0.0,30.0,1001.6,1007.8,6.1,=
202406021409,403,263.0,3.2,297.0,4.5,265.8,3.1,25.4,0.0,0.0,0.0,0.0,0.0,34.0,1002.4,1009.0,8.4,=
202406021409,404,306.0,3.9,295.0,6.0,309.4,3.6,27.1,0.0,0.0,0.0,0.0,0.0,33.7,1008.0,1009.1,9.8,=
202406021409,405,52.1,3.3,27.7,4.9,288.6,3.3,25.5,0.0,0.0,0.0,0.0,0.0,33.5,1006.1,1008.7,8.3,=
202406021409,406,316.0,2.8,300.0,5.7,310.7,1.4,24.9,0.0,0.0,0.0,0.0,0.0,37.5,1002.2,1006.8,9.4,=
202406021409,407,300.0,3.3,303.0,4.5,294.5,2.5,25.2,0.0,0.0,0.0,0.0,0.0,34.0,1006.0,1008.9,8.2,=
202406021409,408,338.0,2.1,311.0,3.5,353.8,3.0,25.8,0.0,0.0,0.0,0.0,0.0,33.8,1002.8,1008.9,8.7,=
202406021409,409,242.4,4.5,251.9,6.7,252.9,3.6,25.1,0.0,0.0,0.0,0.0,0.0,33.0,1003.5,1008.0,7.7,=
202406021409,410,283.9,2.5,256.1,3.7,338.9,3.4,24.9,0.0,0.0,0.0,0.0,0.0,30.3,1003.7,1008.5,6.3,=
202406021409,411,-99.9,-99.9,-99.9,-99.9,-99.9,-99.9,-99.9,-99.9,-99.9,-99.9,-99.9,-99.9,-99.9,-99.9,-99.9,-99.9,=
202406021409,412,351.0,2.2,318.9,4.2,300.6,1.9,25.4,0.0,0.0,0.0,0.0,0.0,36.4,997.1,1008.8,9.4,=
202406021409,413,290.0,1.6,281.0,3.6,277.1,2.9,25.1,0.0,0.0,0.0,0.0,0.0,36.0,1005.1,1008.5,9.0,=
202406021409,414,298.0,2.9,306.7,4.1,270.8,2.7,24.2,0.0,0.0,0.0,0.0,0.0,35.8,993.7,1006.1,8.1,=
202406021409,415,209.9,3.9,197.4,4.8,219.2,3.0,26.0,0.0,0.0,0.0,0.0,0.0,33.4,1005.1,1008.7,8.7,=
202406021409,416,56.0,1.2,51.9,1.6,18.1,1.9,24.3,0.0,0.0,0.0,0.0,0.0,35.5,1001.9,1008.1,8.1,=
202406021409,417,39.9,1.8,322.1,4.5,299.7,2.4,25.1,0.0,0.0,0.0,0.0,0.0,35.4,1003.6,1008.7,8.7,=
202406021409,418,309.6,5.8,309.4,6.4,310.2,4.4,24.6,0.0,0.0,0.0,0.0,0.0,40.3,-99.7,-99.7,10.2,=
202406021409,419,340.3,3.1,7.7,4.0,293.2,4.0,22.3,0.0,0.0,0.0,0.0,0.0,41.4,978.2,1008.4,8.6,=
202406021409,421,84.0,3.0,66.6,4.7,327.7,3.2,25.1,0.0,0.0,0.0,0.0,0.0,34.2,1004.3,1008.3,8.2,=
202406021409,423,314.0,2.7,339.0,5.3,296.2,2.3,27.0,0.0,0.0,0.0,0.0,0.0,33.5,1002.8,1007.6,9.6,=
202406021409,424,66.3,1.1,52.8,1.9,250.1,2.1,24.2,0.0,0.0,0.0,0.0,0.0,35.8,1000.4,1008.3,8.1,=
202406021409,425,67.9,2.7,102.2,4.9,97.6,2.2,25.5,0.0,0.0,0.0,0.0,0.0,32.7,996.1,1008.9,7.9,=
202406021409,426,268.2,3.1,270.7,4.1,273.1,2.7,20.9,0.0,0.0,0.0,0.0,0.0,43.0,993.7,1010.6,7.9,=
202406021409,427,243.2,3.0,249.7,4.7,239.1,2.2,26.0,0.0,0.0,0.0,0.0,0.0,46.4,1007.4,1008.6,13.6,=
202406021409,428,331.3,2.8,326.3,6.6,338.6,2.6,27.5,0.0,0.0,0.0,0.0,0.0,28.4,-99.7,-99.7,7.6,=
202406021409,429,-99.9,-99.9,-99.9,-99.9,-99.9,-99.9,-99.9,-99.9,-99.9,-99.9,-99.9,-99.9,-99.9,-99.9,-99.9,-99.9,=
202406021409,430,335.7,2.9,3.6,6.3,338.2,2.2,24.2,0.0,0.0,0.0,0.0,0.0,39.7,-99.7,-99.7,9.6,=
202406021409,431,326.2,2.5,324.3,5.0,309.4,1.7,24.8,0.0,0.0,0.0,0.0,0.0,32.9,-99.7,-99.7,7.4,=
202406021409,432,291.9,4.1,293.3,5.7,288.4,4.0,24.6,0.0,0.0,0.0,0.0,0.0,-99.5,-99.7,-99.7,-99.9,=
202406021409,433,242.7,1.5,251.0,2.3,237.3,1.7,24.0,0.0,0.0,0.0,0.0,0.0,38.6,-99.7,-99.7,9.1,=
202406021409,434,354.7,1.9,70.5,3.2,316.2,3.9,25.2,0.0,0.0,0.0,0.0,0.0,-99.9,-99.7,-99.7,-99.9,=
202406021409,435,313.1,6.9,313.0,8.4,303.2,6.0,23.1,0.0,0.0,0.0,0.0,0.0,-99.9,-99.7,-99.7,-99.9,=
202406021409,436,308.7,2.9,298.9,5.0,314.9,2.9,24.5,0.0,0.0,0.0,0.0,0.0,31.9,-99.7,-99.7,6.7,=
202406021409,437,24.6,1.9,352.5,3.9,341.5,2.9,26.2,0.0,0.0,0.0,0.0,0.0,33.6,-99.7,-99.7,8.9,=
202406021409,438,-99.9,-99.9,-99.9,-99.9,-99.9,-99.9,-99.9,-99.9,-99.9,-99.9,-99.9,-99.9,-99.9,-99.9,-99.9,-99.9,=
202406021409,439,327.5,3.3,318.7,5.3,322.5,3.4,25.6,0.0,0.0,0.0,0.0,0.0,36.3,-99.7,-99.7,9.6,=
202406021409,440,342.3,4.7,332.8,6.8,0.4,2.5,25.3,0.0,0.0,0.0,0.0,0.0,-99.9,-99.7,-99.7,-99.9,=
202406021409,441,230.6,0.0,-99.5,-99.5,245.9,2.7,24.7,0.0,0.0,0.0,0.0,0.0,-99.7,-99.7,-99.7,-99.9,=
202406021409,442,-99.9,-99.9,-99.9,-99.9,-99.9,-99.9,-99.9,-99.9,-99.9,-99.9,-99.9,-99.9,-99.9,-99.9,-99.9,-99.9,=
202406021409,443,341.4,1.9,284.8,2.7,10.5,1.9,22.8,0.0,0.0,0.0,0.0,0.0,42.0,-99.7,-99.7,9.2,=
202406021409,444,-99.5,0.9,-99.5,1.6,-99.9,1.5,25.4,0.0,0.0,0.0,0.0,0.0,28.7,-99.7,-99.7,5.9,=
202406021409,445,9.5,2.4,5.6,3.2,71.4,2.7,24.1,-99.5,-99.9,-99.9,-99.9,-99.5,43.6,-99.7,-99.7,11.0,=
202406021409,446,263.0,4.3,273.5,6.6,253.3,3.7,25.3,0.0,0.0,0.0,0.0,0.0,44.1,-99.7,-99.7,12.2,=
202406021409,447,95.8,1.2,62.0,1.7,152.5,2.0,25.1,0.0,0.0,0.0,0.0,0.0,-99.9,-99.7,-99.7,-99.9,=
202406021409,448,322.2,2.7,324.3,5.7,345.1,2.5,25.4,0.0,0.0,0.0,0.0,0.0,-99.9,-99.7,-99.7,-99.9,=
202406021409,449,294.1,1.9,293.3,2.5,294.0,2.4,26.6,0.0,0.0,0.0,0.0,0.0,31.3,-99.7,-99.7,8.2,=
202406021409,450,314.4,3.6,332.8,4.8,309.1,5.5,24.5,0.0,0.0,0.0,0.0,0.0,39.8,-99.7,-99.7,10.0,=
202406021409,451,-99.9,-99.9,-99.9,-99.9,-99.9,-99.9,-99.9,-99.9,-99.9,-99.9,-99.9,-99.9,-99.9,-99.9,-99.9,-99.9,=
202406021409,452,144.5,2.9,112.8,3.4,147.1,2.1,23.5,0.0,0.0,0.0,0.0,0.0,36.8,-99.7,-99.7,7.9,=
202406021409,453,8.1,3.1,16.9,4.7,308.6,2.9,26.2,0.0,0.0,0.0,0.0,0.0,-99.9,-99.7,-99.7,-99.9,=
202406021409,454,163.1,1.6,-99.5,-99.5,131.6,0.4,25.0,0.0,0.0,0.0,0.0,0.0,-99.9,-99.7,-99.7,-99.9,=
202406021409,455,143.8,2.3,135.4,3.2,105.7,1.7,25.5,0.0,0.0,0.0,0.0,0.0,-99.9,-99.7,-99.7,-99.9,=
202406021409,456,29.8,2.4,16.9,3.0,61.4,1.1,22.1,0.0,0.0,0.0,0.0,0.0,39.2,-99.7,-99.7,7.6,=
202406021409,457,163.8,2.6,90.2,4.6,180.5,3.7,25.9,0.0,0.0,0.0,0.0,0.0,-99.9,-99.7,-99.7,-99.9,=
202406021409,458,27.0,0.2,188.9,1.1,331.8,0.7,25.4,0.0,0.0,0.0,0.0,0.0,28.5,-99.7,-99.7,5.8,=
202406021409,459,283.4,2.7,267.9,4.9,295.4,4.0,25.7,0.0,0.0,0.0,0.0,0.0,-99.9,-99.7,-99.7,-99.9,=
202406021409,460,339.2,2.9,230.2,8.2,346.1,3.2,26.5,0.0,0.0,0.0,0.0,0.0,-99.9,501.0,508.6,-99.9,=
202406021409,461,333.2,3.4,352.5,5.5,311.5,2.5,24.1,0.0,0.0,0.0,0.0,0.0,29.2,-99.7,-99.7,5.1,=
202406021409,462,305.8,3.1,301.7,5.2,313.3,2.8,25.2,0.0,0.0,0.0,0.0,0.0,34.1,-99.7,-99.7,8.3,=
202406021409,463,281.9,3.7,292.4,8.8,299.7,3.7,25.5,0.0,0.0,0.0,0.0,0.0,32.5,-99.7,-99.7,7.8,=
202406021409,464,299.2,0.9,290.5,1.4,284.4,2.2,27.9,0.0,0.0,0.0,0.0,0.0,-99.9,-99.7,-99.7,-99.9,=
202406021409,465,259.8,4.6,265.1,6.2,256.7,1.6,25.4,0.0,0.0,0.0,0.0,0.0,31.0,-99.7,-99.7,7.1,=
202406021409,466,239.5,0.7,25.4,1.6,337.8,1.1,27.6,0.0,0.0,0.0,0.0,0.0,-99.9,-99.7,-99.7,-99.9,=
202406021409,467,19.7,3.5,2.8,4.6,11.6,3.2,24.3,0.0,0.0,0.0,0.0,0.0,-99.9,-99.7,-99.7,-99.9,=
202406021409,468,345.4,1.8,304.6,4.0,331.1,1.6,25.4,0.0,0.0,0.0,0.0,0.0,-99.9,-99.7,-99.7,-99.9,=
202406021409,469,203.0,1.3,200.2,1.8,206.9,2.5,27.1,-99.5,0.0,0.0,0.0,0.0,-99.9,-99.7,-99.7,-99.9,=
202406021409,470,294.7,1.4,276.4,1.9,292.7,1.5,24.9,-99.5,-99.9,-99.9,-99.9,-99.5,-99.9,-99.7,-99.7,-99.9,=
202406021409,471,192.0,4.8,180.5,6.6,182.9,4.5,24.1,0.0,0.0,0.0,0.0,0.0,-99.9,-99.7,-99.7,-99.9,=
202406021409,472,274.1,5.0,284.8,7.9,275.4,5.6,23.5,0.0,0.0,0.0,0.0,0.0,-99.9,-99.7,-99.7,-99.9,=
202406021409,473,72.3,0.8,22.6,1.2,104.3,1.1,22.6,0.0,0.0,0.0,0.0,0.0,37.9,-99.7,-99.7,7.5,=
202406021409,474,216.5,3.1,220.0,3.6,226.6,1.9,23.2,0.0,0.0,0.0,0.0,0.0,-99.9,-99.7,-99.7,-99.9,=
202406021409,475,239.7,2.6,239.7,3.8,239.4,2.1,24.8,0.0,0.0,0.0,0.0,0.0,-99.9,-99.7,-99.7,-99.9,=
202406021409,476,33.6,0.7,259.4,1.3,106.5,1.2,25.7,0.0,0.0,0.0,0.0,0.0,36.9,-99.7,-99.7,9.9,=
202406021409,477,303.8,1.2,303.8,1.2,290.5,2.9,26.4,0.0,0.0,0.0,0.0,0.0,35.0,-99.7,-99.7,9.7,=
202406021409,478,301.8,1.3,290.5,2.2,284.8,3.1,25.2,0.0,0.0,0.0,0.0,0.0,-99.9,-99.7,-99.7,-99.9,=
202406021409,479,299.4,3.2,301.7,4.1,287.4,3.1,25.5,0.0,0.0,0.0,0.0,0.0,-99.9,-99.7,-99.7,-99.9,=
202406021409,480,352.2,0.5,0.0,1.1,277.3,2.1,25.7,0.0,0.0,0.0,0.0,0.0,34.4,-99.7,-99.7,8.9,=
202406021409,481,298.3,5.0,315.8,6.8,308.2,3.5,25.0,0.0,0.0,0.0,0.0,0.0,-99.9,-99.7,-99.7,-99.9,=
202406021409,482,339.0,2.0,335.6,2.8,325.4,2.2,25.0,0.0,0.0,0.0,0.0,0.0,39.3,-99.7,-99.7,10.2,=
202406021409,483,307.8,3.9,301.7,5.0,308.2,4.5,26.0,0.0,0.0,0.0,0.0,0.0,-99.9,-99.7,-99.7,-99.9,=
202406021409,484,298.5,1.2,296.1,1.8,268.6,1.6,24.1,0.0,0.0,0.0,0.0,0.0,-99.9,-99.7,-99.7,-99.9,=
202406021409,485,92.1,2.6,107.2,3.6,94.7,3.2,25.2,0.0,0.0,0.0,0.0,0.0,-99.9,-99.7,-99.7,-99.9,=
202406021409,486,268.3,2.0,290.5,2.9,13.5,2.0,25.4,0.0,0.0,0.0,0.0,0.0,-99.9,-99.7,-99.7,-99.9,=
202406021409,487,298.7,4.1,293.3,5.2,296.9,2.8,24.9,0.0,0.0,0.0,0.0,0.0,-99.9,-99.7,-99.7,-99.9,=
202406021409,488,251.6,5.0,259.4,6.8,259.9,3.7,23.4,0.0,0.0,0.0,0.0,0.0,-99.9,-99.7,-99.7,-99.9,=
202406021409,489,249.8,5.0,245.3,5.9,256.4,5.4,19.1,0.0,0.0,0.0,0.0,0.0,55.3,-99.7,-99.7,9.9,=
202406021409,490,-99.9,-99.9,-99.9,-99.9,-99.9,-99.9,-99.9,-99.9,-99.9,-99.9,-99.9,-99.9,-99.9,-99.9,-99.9,-99.9,=
202406021409,491,67.8,3.5,151.5,8.6,74.0,2.0,25.3,0.0,0.0,0.0,0.0,0.0,39.2,-99.7,-99.7,10.4,=
202406021409,492,203.5,1.7,-99.5,-99.5,264.3,2.9,23.9,0.0,0.0,0.0,0.0,0.0,47.8,-99.7,-99.7,12.2,=
202406021409,493,326.7,4.3,334.5,6.0,301.3,3.8,25.2,0.0,0.0,0.0,0.0,0.0,31.9,1005.2,1009.2,7.3,=
202406021409,494,314.7,3.4,323.2,6.0,297.8,3.9,25.7,0.0,0.0,0.0,0.0,0.0,29.4,997.0,1009.0,6.5,=
202406021409,495,274.5,4.9,286.9,6.1,283.4,4.9,25.3,0.0,0.0,0.0,0.0,0.0,40.6,-99.7,-99.7,11.0,=
202406021409,496,297.0,2.5,50.6,4.3,282.7,3.0,26.3,0.0,0.0,0.0,0.0,0.0,37.2,-99.7,-99.7,10.5,=
202406021409,497,53.2,2.7,66.7,3.7,48.3,1.7,14.2,0.0,0.0,0.0,0.0,1.0,71.1,935.1,1010.4,9.0,=
202406021409,498,319.0,0.4,45.0,1.2,349.2,0.6,13.3,0.0,-99.9,-99.9,-99.9,-99.5,81.4,896.6,1010.4,10.2,=
202406021409,499,29.9,1.1,350.7,2.3,15.0,2.0,26.6,0.0,0.0,0.0,0.0,0.0,29.1,1002.2,1008.3,7.2,=
202406021409,500,241.6,6.3,239.4,7.8,248.0,5.8,24.0,0.0,0.0,0.0,0.0,0.0,38.4,1004.0,1009.5,9.0,=
202406021409,501,256.0,2.9,280.0,4.9,288.3,3.1,21.2,0.0,0.0,0.0,0.0,0.0,54.7,1009.5,1010.4,11.7,=
202406021409,502,217.5,3.4,212.5,5.7,218.3,2.9,22.7,0.0,0.0,0.0,0.0,0.0,48.0,1008.0,1009.6,11.1,=
202406021409,503,26.0,3.8,359.0,6.1,18.4,2.9,27.0,0.0,0.0,0.0,0.0,0.0,29.5,1006.7,1008.8,7.7,=
202406021409,504,27.3,1.4,230.0,2.8,331.8,1.3,26.0,0.0,0.0,0.0,0.0,0.0,38.3,996.5,1008.4,10.7,=
202406021409,505,54.3,1.9,76.0,3.0,31.3,2.0,23.2,0.0,0.0,0.0,0.0,0.0,44.6,989.9,1009.2,10.5,=
202406021409,506,266.3,6.0,267.7,7.4,262.9,4.7,24.5,0.0,0.0,0.0,0.0,0.0,42.8,1007.6,1009.1,11.0,=
202406021409,507,29.1,2.1,253.8,2.7,327.8,1.7,24.8,0.0,0.0,0.0,0.0,0.0,38.9,999.8,1008.4,9.9,=
202406021409,508,246.4,4.1,236.4,5.0,248.9,3.7,19.2,0.0,0.0,0.0,0.0,0.0,77.7,993.7,1009.9,15.2,=
202406021409,509,305.2,4.5,63.1,7.2,35.2,3.3,24.2,0.0,0.0,0.0,0.0,0.0,35.8,992.0,1008.0,8.1,=
202406021409,510,257.6,3.5,268.3,6.3,257.0,2.1,25.7,0.0,0.0,0.0,0.0,0.0,32.1,1006.1,1009.0,7.8,=
202406021409,511,261.3,4.5,248.7,7.0,247.9,3.7,24.0,0.0,0.0,0.0,0.0,0.0,46.9,1008.7,1009.5,12.0,=
202406021409,512,258.5,3.5,252.8,5.0,270.0,3.1,23.6,0.0,0.0,0.0,0.0,0.0,38.1,1008.8,1009.7,8.5,=
202406021409,513,308.8,2.6,309.5,3.6,288.9,3.3,19.7,0.0,0.0,0.0,0.0,0.0,71.4,1007.6,1011.0,14.4,=
202406021409,514,269.8,3.9,270.5,5.2,251.8,3.5,22.4,0.0,0.0,0.0,0.0,0.0,52.2,1009.2,1010.4,12.1,=
202406021409,515,291.1,5.1,289.7,6.3,280.2,5.6,22.4,0.0,0.0,0.0,0.0,0.0,59.6,-99.7,-99.7,14.2,=
202406021409,516,275.0,3.7,279.0,6.4,254.1,3.7,25.5,0.0,0.0,0.0,0.0,0.0,46.0,1005.9,1008.6,13.0,=
202406021409,517,97.2,2.8,75.8,4.0,89.7,3.2,17.6,0.0,0.0,0.0,0.0,0.0,75.3,1010.1,1010.8,13.2,=
202406021409,518,42.0,3.5,42.0,4.3,43.6,3.2,17.3,0.0,0.0,0.0,0.0,0.5,65.9,956.1,1009.3,10.9,=
202406021409,519,180.9,1.6,213.8,2.9,179.1,2.0,22.7,0.0,0.0,0.0,0.0,0.0,52.5,-99.7,-99.7,12.5,=
202406021409,520,0.0,0.0,64.0,0.0,20.0,0.3,16.7,0.0,0.0,0.0,0.5,1.0,80.0,995.4,1011.2,13.2,=
202406021409,522,325.3,3.9,312.4,4.9,8.7,3.2,23.3,0.0,0.0,0.0,0.0,0.0,36.0,985.4,1007.7,7.4,=
202406021409,523,87.5,3.3,101.3,3.7,91.5,2.3,18.2,0.0,0.0,0.0,0.0,0.0,77.7,-99.7,-99.7,14.2,=
202406021409,524,61.3,2.3,70.3,3.3,58.6,3.1,18.2,0.0,0.0,0.0,0.0,3.5,80.9,-99.7,-99.7,14.9,=
202406021409,525,140.1,0.6,160.3,1.2,5.4,1.0,19.5,0.0,0.0,0.0,0.0,0.0,44.2,-99.7,-99.7,7.0,=
202406021409,526,29.4,1.8,351.6,2.7,301.3,1.7,23.3,0.0,0.0,0.0,0.0,0.0,33.0,-99.7,-99.7,6.1,=
202406021409,527,239.6,2.7,241.9,3.7,204.6,2.7,20.8,0.0,0.0,0.0,0.0,0.0,37.3,-99.7,-99.7,5.7,=
202406021409,529,80.3,3.2,87.2,3.8,77.9,3.1,17.6,0.0,0.0,0.0,0.0,0.0,78.3,-99.7,-99.7,13.8,=
202406021409,530,249.1,1.6,242.0,2.6,330.1,0.6,16.0,0.0,0.0,0.0,0.0,0.0,74.7,-99.7,-99.7,11.5,=
202406021409,531,156.0,1.4,156.0,1.8,131.6,1.8,23.1,0.0,0.0,0.0,0.0,0.0,40.5,995.8,1008.3,9.0,=
202406021409,532,270.0,3.1,273.0,5.6,323.2,2.1,24.6,0.0,0.0,0.0,0.0,0.0,35.1,998.6,1008.7,8.2,=
202406021409,533,140.7,3.2,160.3,6.1,156.3,3.1,26.1,0.0,0.0,0.0,0.0,0.0,31.8,-99.7,-99.7,8.0,=
202406021409,534,281.0,4.2,287.0,6.7,286.8,3.6,25.0,0.0,0.0,0.0,0.0,0.0,36.2,998.4,1008.4,9.0,=
202406021409,535,338.0,2.3,314.0,3.6,337.6,3.5,22.2,0.0,0.0,0.0,0.0,0.0,39.3,972.6,1007.9,7.7,=
202406021409,536,201.3,1.9,182.8,2.5,233.1,1.6,22.9,0.0,0.0,0.0,0.0,0.0,40.4,995.3,1008.3,8.7,=
202406021409,537,335.0,2.2,295.0,3.8,328.7,3.2,17.1,0.0,0.0,0.0,0.0,0.0,67.3,954.1,1009.5,11.0,=
202406021409,538,160.0,1.1,201.0,1.7,153.6,0.5,24.2,0.0,0.0,0.0,0.0,0.0,42.4,999.0,1008.4,10.6,=
202406021409,539,308.4,1.4,304.3,2.3,314.2,2.1,22.8,0.0,0.0,0.0,0.0,0.0,39.4,992.8,1008.5,8.3,=
202406021409,540,355.0,2.2,357.2,3.0,1.2,2.6,29.3,0.0,0.0,0.0,0.0,0.0,33.6,-99.7,-99.7,11.7,=
202406021409,541,313.0,1.8,338.0,4.4,356.3,3.1,27.1,0.0,0.0,0.0,0.0,0.0,32.6,1005.7,1008.6,9.3,=
202406021409,542,57.0,1.1,48.0,2.3,272.1,1.8,25.0,0.0,0.0,0.0,0.0,0.0,36.9,1003.9,1008.7,9.3,=
202406021409,543,244.3,3.0,239.2,4.0,252.6,3.5,23.7,0.0,0.0,0.0,0.0,0.0,43.1,1006.7,1009.6,10.4,=
202406021409,544,268.9,6.4,286.9,8.0,269.9,5.2,20.7,0.0,0.0,0.0,0.0,0.0,67.1,-99.7,-99.7,14.4,=
202406021409,545,327.0,0.7,55.0,1.9,303.0,0.7,23.7,0.0,0.0,0.0,0.0,0.0,42.0,1009.0,1009.7,10.0,=
202406021409,546,19.2,2.1,315.0,2.9,70.7,1.8,25.5,0.0,0.0,0.0,0.0,0.0,26.4,-99.7,-99.7,4.8,=
202406021409,547,0.0,0.0,258.0,0.0,273.3,1.7,25.5,0.0,0.0,0.0,0.0,0.0,34.3,995.7,1008.0,8.6,=
202406021409,548,319.0,3.2,310.0,5.1,332.2,2.1,25.2,0.0,0.0,0.0,0.0,0.0,33.1,994.8,1008.2,7.8,=
202406021409,549,297.0,2.4,293.0,4.6,310.8,3.0,25.7,0.0,0.0,0.0,0.0,0.0,31.7,999.0,1008.4,7.6,=
202406021409,550,329.9,2.9,315.0,4.6,304.3,2.5,25.7,0.0,0.0,0.0,0.0,0.0,43.2,-99.7,-99.7,12.3,=
202406021409,551,257.5,3.8,264.4,6.3,254.1,3.6,24.7,0.0,0.0,0.0,0.0,0.0,43.5,-99.7,-99.7,11.5,=
202406021409,552,201.4,4.7,202.5,5.6,229.5,2.5,23.5,0.0,0.0,0.0,0.0,0.0,39.3,-99.7,-99.7,8.9,=
202406021409,553,85.3,2.9,98.4,3.3,85.8,2.6,18.1,0.0,0.0,0.0,0.0,0.0,66.5,1009.6,1012.1,11.8,=
202406021409,554,87.9,3.9,87.1,4.4,91.0,3.7,10.8,0.0,0.0,0.0,0.0,0.0,94.6,923.0,1011.4,10.0,=
202406021409,555,26.0,2.5,45.0,3.4,10.6,2.4,23.9,0.0,0.0,0.0,0.0,0.0,39.1,996.2,1008.6,9.2,=
202406021409,556,286.5,0.9,258.8,1.0,5.2,0.8,22.6,0.0,0.0,0.0,0.0,0.0,36.6,-99.7,-99.7,7.0,=
202406021409,557,72.4,3.1,72.9,4.8,83.5,3.7,18.3,0.0,0.0,0.0,0.0,0.0,56.2,975.9,1009.3,9.4,=
202406021409,558,99.5,1.8,109.7,2.6,121.6,1.7,25.9,0.0,0.0,0.0,0.0,0.0,39.7,-99.7,-99.7,11.2,=
202406021409,559,30.6,3.8,357.2,5.1,19.5,3.2,17.5,0.0,0.0,0.0,0.0,0.0,67.3,-99.7,-99.7,11.4,=
202406021409,560,70.8,1.8,90.0,3.2,69.8,2.7,17.4,0.0,0.0,0.0,0.0,1.0,71.9,-99.7,-99.7,12.3,=
202406021409,561,229.6,3.4,236.3,4.1,230.2,3.9,22.6,0.0,0.0,0.0,0.0,0.0,39.8,-99.7,-99.7,8.3,=
202406021409,563,66.6,4.1,70.3,6.4,84.6,3.3,18.3,0.0,0.0,0.0,0.0,0.0,62.3,968.0,1009.3,11.0,=
202406021409,565,217.9,5.0,243.3,6.4,227.5,4.9,23.9,0.0,0.0,0.0,0.0,0.0,46.1,1008.9,1009.6,11.6,=
202406021409,566,51.0,2.4,40.0,3.8,61.2,2.8,18.3,0.0,0.0,0.0,0.0,0.5,75.1,1010.2,1011.0,13.8,=
202406021409,567,314.6,3.1,327.1,5.8,290.0,1.9,24.9,0.0,0.0,0.0,0.0,0.0,23.1,1000.3,1008.4,2.4,=
202406021409,568,212.2,0.7,224.1,1.0,300.1,1.3,25.0,0.0,0.0,0.0,0.0,0.0,37.2,992.0,1008.1,9.4,=
202406021409,569,297.0,2.2,299.8,3.3,287.1,3.1,24.5,0.0,0.0,0.0,0.0,0.0,31.2,1005.2,1008.3,6.4,=
202406021409,570,280.6,3.8,291.0,5.8,269.5,4.3,24.4,0.0,0.0,0.0,0.0,0.0,44.1,1005.2,1009.0,11.4,=
202406021409,571,150.7,2.4,170.4,2.9,180.0,1.8,25.0,0.0,0.0,0.0,0.0,0.0,47.6,1004.6,1009.8,13.1,=
202406021409,572,312.1,2.2,306.7,4.1,317.9,2.0,25.7,0.0,0.0,0.0,0.0,0.0,37.7,1006.2,1009.5,10.2,=
202406021409,573,237.3,0.2,202.5,0.5,67.7,1.5,23.8,0.0,0.0,0.0,0.0,0.0,36.2,994.4,1008.0,7.9,=
202406021409,574,340.8,4.3,331.2,6.1,312.8,3.2,25.1,0.0,0.0,0.0,0.0,0.0,34.4,1004.0,1008.2,8.3,=
202406021409,575,246.6,2.7,272.5,4.4,269.0,3.8,25.1,0.0,0.0,0.0,0.0,0.0,43.6,1003.1,1008.9,11.9,=
202406021409,576,7.8,1.7,14.9,3.7,19.4,2.7,24.2,0.0,0.0,0.0,0.0,0.0,35.4,995.9,1008.5,8.0,=
202406021409,577,300.7,3.3,309.4,3.9,306.2,2.8,21.3,0.0,0.0,0.0,0.0,0.0,53.3,1009.1,1010.4,11.4,=
202406021409,578,294.9,3.3,284.7,3.9,290.3,3.2,21.4,0.0,0.0,0.0,0.0,0.0,59.5,-99.7,-99.7,13.2,=
202406021409,579,66.8,2.3,73.1,3.0,53.0,2.1,15.7,0.0,0.0,0.0,0.0,0.0,67.7,-99.7,-99.7,9.7,=
202406021409,580,87.9,2.1,87.2,3.2,92.7,2.0,17.3,0.0,0.0,0.0,0.0,0.0,74.7,-99.7,-99.7,12.8,=
202406021409,581,290.0,2.0,290.0,2.8,263.0,1.3,20.6,0.0,0.0,0.0,0.0,0.0,47.6,960.7,1008.3,9.1,=
202406021409,582,319.1,2.8,324.4,3.6,314.7,2.6,22.4,0.0,0.0,0.0,0.0,0.0,44.2,970.3,1007.1,9.6,=
202406021409,583,9.4,2.1,318.7,2.9,9.4,1.3,19.3,0.0,0.0,0.0,0.0,0.0,59.0,948.2,1008.4,11.1,=
202406021409,585,20.9,2.2,18.6,2.4,5.1,1.8,24.2,0.0,0.0,0.0,0.0,0.0,47.2,981.6,1008.0,12.3,=
202406021409,586,9.1,2.2,11.3,3.3,329.6,2.0,21.7,0.0,0.0,0.0,0.0,0.0,40.1,-99.7,-99.7,7.6,=
202406021409,587,335.7,1.6,316.9,1.8,1.4,1.1,21.1,0.0,0.0,0.0,0.0,0.0,50.5,976.7,1008.2,10.4,=
202406021409,588,91.7,2.6,95.6,3.5,65.6,2.9,23.8,0.0,0.0,0.0,0.0,0.0,41.6,-99.7,-99.7,10.0,=
202406021409,589,217.3,3.0,220.0,5.3,250.7,2.2,25.0,0.0,0.0,0.0,0.0,0.0,36.7,1002.2,1008.9,9.2,=
202406021409,590,319.9,3.9,306.7,6.8,313.8,3.2,26.6,0.0,0.0,0.0,0.0,0.0,31.9,1003.8,1009.1,8.5,=
202406021409,591,156.7,1.4,148.8,1.8,188.9,1.5,22.0,0.0,0.0,0.0,0.0,0.0,46.2,977.5,1007.8,9.9,=
202406021409,592,34.8,5.2,30.1,6.4,125.3,3.0,25.4,0.0,0.0,0.0,0.0,0.0,38.1,1001.1,1007.1,10.1,=
202406021409,593,41.2,2.3,47.2,3.7,33.8,2.6,18.0,0.0,0.0,0.0,0.0,0.5,68.5,996.2,1011.1,12.1,=
202406021409,594,341.6,4.0,335.6,5.3,341.8,4.2,17.9,0.0,0.0,0.0,0.0,0.5,70.3,973.0,1009.1,12.4,=
202406021409,595,7.1,2.2,16.8,3.2,359.5,2.1,14.8,0.0,0.0,0.0,0.0,0.2,79.8,944.1,1011.2,11.3,=
202406021409,596,128.7,2.4,145.9,2.9,123.8,1.7,18.3,0.0,0.0,0.0,0.0,0.0,72.7,983.1,1010.8,13.3,=
202406021409,597,45.3,2.2,36.7,2.9,30.2,2.4,19.0,0.0,0.0,0.0,0.0,0.0,51.1,944.9,1008.2,8.7,=
202406021409,598,259.9,3.1,255.5,3.9,277.1,3.1,24.6,0.0,0.0,0.0,0.0,0.0,38.0,998.8,1008.7,9.4,=
202406021409,599,158.1,2.2,203.5,3.0,297.3,2.6,25.6,0.0,0.0,0.0,0.0,0.0,35.1,996.8,1008.8,9.1,=
202406021409,600,260.7,3.3,267.2,4.6,296.6,2.7,25.8,0.0,0.0,0.0,0.0,0.0,37.3,-99.7,-99.7,10.1,=
202406021409,601,303.8,1.6,326.3,2.0,333.6,2.1,22.7,0.0,0.0,0.0,0.0,0.0,44.0,-99.7,-99.7,9.8,=
202406021409,602,272.5,3.8,270.0,5.4,262.6,3.8,24.9,0.0,0.0,0.0,0.0,0.0,38.8,-99.7,-99.7,9.9,=
202406021409,603,217.9,0.3,269.9,1.5,284.8,2.2,23.7,0.0,0.0,0.0,0.0,0.0,37.6,994.9,1008.5,8.4,=
202406021409,604,339.0,2.4,352.0,4.1,336.4,2.0,26.1,0.0,0.0,0.0,0.0,0.0,30.7,995.4,1008.7,7.5,=
202406021409,605,323.0,2.9,339.0,4.1,31.6,1.4,25.9,0.0,0.0,0.0,0.0,0.0,31.2,992.3,1008.4,7.6,=
202406021409,606,285.0,3.2,286.3,5.5,272.2,3.1,19.9,0.0,0.0,0.0,0.0,0.0,65.1,1007.5,1010.2,13.2,=
202406021409,607,233.9,2.7,229.3,3.9,251.1,2.0,19.6,0.0,0.0,0.0,0.0,0.0,62.4,1010.0,1010.8,12.2,=
202406021409,608,-99.9,-99.9,-99.9,-99.9,-99.9,-99.9,-99.9,-99.9,-99.9,-99.9,-99.9,-99.9,-99.9,-99.9,-99.9,-99.9,=
202406021409,609,296.1,1.7,301.9,3.0,263.6,2.0,21.1,0.0,0.0,0.0,0.0,0.0,59.6,1006.4,1011.0,12.9,=
202406021409,610,234.0,2.6,234.0,4.5,239.3,2.7,24.6,0.0,0.0,0.0,0.0,0.0,53.4,1008.6,1010.5,14.5,=
202406021409,611,320.7,3.1,295.3,5.3,330.0,2.9,25.7,0.0,0.0,0.0,0.0,0.0,32.6,-99.7,-99.7,8.1,=
202406021409,612,262.7,4.3,250.5,6.3,226.4,2.8,26.0,0.0,0.0,0.0,0.0,0.0,29.5,1005.7,1008.4,6.9,=
202406021409,614,282.1,5.1,291.7,6.6,265.0,4.0,20.6,0.0,0.0,0.0,0.0,0.0,61.6,1009.8,1010.9,13.0,=
202406021409,615,242.9,4.8,244.7,5.4,234.2,3.6,25.2,0.0,0.0,0.0,0.0,0.0,41.2,-99.7,-99.7,11.1,=
202406021409,616,246.0,0.7,244.0,1.7,304.9,2.4,24.8,0.0,0.0,0.0,0.0,0.0,37.0,1004.2,1010.1,9.1,=
202406021409,617,263.3,4.4,267.3,6.6,266.8,4.0,24.5,0.0,0.0,0.0,0.0,0.0,39.9,-99.7,-99.7,10.0,=
202406021409,618,245.0,1.2,217.1,2.2,274.6,1.4,25.2,0.0,0.0,0.0,0.0,0.0,50.2,-99.7,-99.7,14.1,=
202406021409,619,352.0,2.2,340.0,2.8,318.7,3.0,23.3,0.0,0.0,0.0,0.0,0.0,39.7,993.2,1008.3,8.8,=
202406021409,620,7.5,2.1,84.0,2.6,301.5,4.6,24.4,0.0,0.0,0.0,0.0,0.0,43.1,1001.0,1008.4,11.1,=
202406021409,621,303.0,1.8,294.7,2.5,312.5,2.0,24.1,0.0,0.0,0.0,0.0,0.0,38.3,991.6,1008.2,9.0,=
202406021409,622,228.6,2.7,227.5,3.0,259.6,2.4,23.2,0.0,0.0,0.0,0.0,0.0,40.7,982.5,1008.2,9.1,=
202406021409,623,247.4,4.8,247.6,6.4,265.4,3.8,25.2,0.0,0.0,0.0,0.0,0.0,34.0,999.8,1008.3,8.2,=
202406021409,624,39.2,3.5,26.3,5.0,32.5,3.2,23.4,0.0,0.0,0.0,0.0,0.0,41.7,983.0,1008.2,9.7,=
202406021409,625,211.6,2.7,191.3,3.9,66.5,2.1,22.0,0.0,0.0,0.0,0.0,0.0,38.3,-99.7,-99.7,7.2,=
202406021409,626,3.9,2.3,21.5,4.9,44.2,2.4,24.5,0.0,0.0,0.0,0.0,0.0,37.7,994.7,1008.5,9.1,=
202406021409,627,322.9,1.8,309.6,3.0,309.8,2.4,25.3,0.0,0.0,0.0,0.0,0.0,-99.5,1006.2,1011.0,-99.9,=
202406021409,628,338.2,3.2,323.7,5.0,338.5,2.4,26.2,0.0,0.0,0.0,0.0,0.0,30.4,1005.8,1010.2,7.5,=
202406021409,629,9.5,3.3,4.2,4.6,343.6,2.9,26.1,0.0,0.0,0.0,0.0,0.0,31.0,999.5,1009.1,7.7,=
202406021409,630,278.7,2.3,302.2,4.8,264.0,2.4,24.4,0.0,0.0,0.0,0.0,0.0,37.8,995.8,1008.1,9.1,=
202406021409,631,265.8,4.6,268.4,6.0,265.3,4.5,20.8,0.0,0.0,0.0,0.0,0.0,64.2,1008.8,1009.9,13.8,=
202406021409,632,287.7,4.1,286.6,5.1,294.9,3.9,24.8,0.0,0.0,0.0,0.0,0.0,49.5,1003.2,1009.9,13.5,=
202406021409,633,346.6,3.3,354.8,4.7,332.1,4.1,25.5,0.0,0.0,0.0,0.0,0.0,32.3,1000.9,1009.5,7.7,=
202406021409,634,309.8,3.4,207.9,4.5,313.6,3.7,25.1,0.0,0.0,0.0,0.0,0.0,34.5,1006.4,1009.8,8.4,=
202406021409,635,270.4,2.2,250.5,3.5,254.5,2.3,25.2,0.0,0.0,0.0,0.0,0.0,48.4,1009.9,1011.1,13.6,=
202406021409,636,288.5,2.6,300.6,2.9,272.2,2.9,24.4,0.0,0.0,0.0,0.0,0.0,39.7,993.7,1008.6,9.8,=
202406021409,637,327.6,5.0,309.6,7.4,325.1,3.8,24.5,0.0,0.0,0.0,0.0,0.0,41.8,1009.0,1010.0,10.7,=
202406021409,638,263.3,2.2,253.8,2.9,245.5,3.1,21.5,0.0,0.0,0.0,0.0,0.0,43.4,980.0,1007.6,8.5,=
202406021409,639,231.8,1.4,307.5,2.9,272.3,0.8,23.1,0.0,0.0,0.0,0.0,0.0,40.6,976.1,1007.8,9.0,=
202406021409,640,326.5,1.3,330.6,2.7,312.3,2.7,22.9,0.0,0.0,0.0,0.0,0.0,39.3,982.8,1008.3,8.3,=
202406021409,641,328.8,4.1,345.5,5.4,325.1,4.3,25.0,0.0,0.0,0.0,0.0,0.0,37.6,999.9,1008.9,9.6,=
202406021409,642,302.8,2.3,289.0,3.5,291.5,2.8,23.3,0.0,0.0,0.0,0.0,0.0,43.3,992.1,1008.9,10.1,=
202406021409,643,318.3,2.8,344.0,3.4,322.9,2.3,25.7,0.0,0.0,0.0,0.0,0.0,33.2,998.4,1008.8,8.3,=
202406021409,644,269.2,1.6,306.2,2.4,190.2,2.0,23.5,0.0,0.0,0.0,0.0,0.0,45.5,1006.6,1009.4,11.1,=
202406021409,645,203.2,5.4,207.2,6.7,231.3,3.5,22.8,0.0,0.0,0.0,0.0,0.0,55.8,1008.4,1010.3,13.5,=
202406021409,646,295.3,4.0,297.5,5.2,292.6,4.5,21.1,0.0,0.0,0.0,0.0,0.0,65.5,1009.8,1010.7,14.4,=
202406021409,647,343.3,2.2,345.9,3.2,349.2,1.6,24.8,0.0,0.0,0.0,0.0,0.0,33.8,-99.7,-99.7,7.8,=
202406021409,648,308.3,1.3,290.5,2.3,18.5,1.3,26.3,0.0,0.0,0.0,0.0,0.0,27.7,-99.7,-99.7,6.2,=
202406021409,649,244.3,2.4,248.2,3.6,263.5,2.0,25.9,0.0,0.0,0.0,0.0,0.0,43.2,1005.3,1008.2,12.4,=
202406021409,650,251.9,1.7,283.2,2.2,263.7,2.7,23.3,0.0,0.0,0.0,0.0,0.0,48.1,984.7,1005.8,11.7,=
202406021409,651,274.0,3.6,274.0,5.2,303.3,2.7,23.6,0.0,0.0,0.0,0.0,0.0,46.6,983.5,1007.8,11.5,=
202406021409,652,325.7,1.7,341.2,2.3,302.3,0.9,24.2,0.0,0.0,0.0,0.0,0.0,36.0,-99.7,-99.7,8.2,=
202406021409,654,214.0,1.1,219.7,2.7,214.6,1.2,19.9,0.0,0.0,0.0,0.0,0.0,72.0,1009.3,1010.5,14.7,=
202406021409,655,297.7,4.0,302.2,4.4,299.5,4.0,19.6,0.0,0.0,0.0,0.0,0.0,47.9,1001.2,1010.8,8.3,=
202406021409,656,230.4,5.8,220.0,8.0,229.1,6.1,21.9,0.0,0.0,0.0,0.0,0.0,48.4,1004.0,1009.7,10.5,=
202406021409,657,261.9,2.2,251.8,3.0,272.9,1.8,22.5,0.0,0.0,0.0,0.0,0.0,64.3,1007.6,1011.2,15.4,=
202406021409,658,229.8,1.5,218.5,1.7,236.7,1.9,17.2,0.0,0.0,0.0,0.0,0.0,72.9,1009.5,1010.7,12.3,=
202406021409,659,242.7,3.7,239.6,5.0,251.3,2.8,20.1,0.0,0.0,0.0,0.0,0.0,50.5,916.5,1007.8,9.5,=
202406021409,660,236.1,4.7,230.9,6.0,249.4,3.9,20.0,0.0,0.0,0.0,0.0,0.0,45.5,948.1,1007.9,7.9,=
202406021409,661,158.2,2.6,166.1,2.9,161.4,2.5,17.3,0.0,0.0,0.0,0.0,0.0,72.9,1010.6,1011.2,12.4,=
202406021409,662,219.4,2.9,217.1,3.4,225.7,3.2,18.1,0.0,0.0,0.0,0.0,0.0,83.9,1009.1,1010.3,15.3,=
202406021409,663,285.6,2.8,284.2,3.0,286.0,2.8,19.1,0.0,0.0,0.0,0.0,0.0,81.2,1003.9,1011.1,15.8,=
202406021409,664,243.7,4.5,246.0,5.1,243.5,4.8,17.8,0.0,0.0,0.0,0.0,0.0,81.2,1008.7,1010.8,14.5,=
202406021409,665,220.4,2.2,220.0,4.0,237.8,2.5,20.9,0.0,0.0,0.0,0.0,0.0,52.0,1007.2,1010.5,10.7,=
202406021409,666,222.2,2.1,219.4,3.5,228.2,1.0,19.6,0.0,0.0,0.0,0.0,0.0,64.7,-99.7,-99.7,12.8,=
202406021409,667,223.6,2.0,212.4,2.6,229.8,2.0,20.9,0.0,0.0,0.0,0.0,0.0,61.5,-99.7,-99.7,13.2,=
202406021409,669,318.5,1.6,334.3,1.9,304.2,1.3,19.2,-99.5,0.0,0.0,0.0,0.0,73.4,1008.4,1010.5,14.3,=
202406021409,670,115.4,1.8,106.9,2.1,102.1,2.2,18.1,0.0,0.0,0.0,0.0,0.0,71.7,-99.7,-99.7,12.9,=
202406021409,671,97.5,0.7,105.8,1.7,117.0,1.2,18.4,0.0,0.0,0.0,0.0,1.0,74.1,-99.7,-99.7,13.7,=
202406021409,672,320.8,3.5,341.1,4.6,306.7,2.7,23.1,0.0,0.0,0.0,0.0,0.0,58.2,1009.9,1011.8,14.4,=
202406021409,673,320.5,2.8,321.3,3.9,278.1,2.2,26.1,0.0,0.0,0.0,0.0,0.0,34.5,1006.2,1008.5,9.2,=
202406021409,674,127.0,1.1,119.1,1.3,100.4,1.2,16.3,0.0,0.0,0.0,0.0,0.0,63.1,916.3,1007.7,9.3,=
202406021409,675,26.6,1.2,67.5,1.5,21.5,0.7,23.8,-99.5,-99.9,-99.9,-99.9,-99.5,51.5,-99.7,-99.7,13.2,=
202406021409,676,247.9,3.6,253.1,4.6,252.2,3.8,24.6,0.0,0.0,0.0,0.0,0.0,41.9,992.8,1009.0,10.8,=
202406021409,677,181.4,0.9,173.3,1.3,228.6,0.3,17.0,0.0,0.0,0.0,0.0,0.0,76.8,997.0,1011.0,12.9,=
202406021409,678,27.3,0.1,33.6,1.2,44.8,0.8,14.4,0.0,0.0,0.0,0.5,2.5,81.9,958.0,1010.7,11.3,=
202406021409,679,289.9,1.4,325.6,3.4,324.1,2.5,14.4,0.0,0.0,0.0,0.0,0.5,92.8,931.9,1009.9,13.3,=
202406021409,680,288.3,1.0,252.9,1.7,253.4,1.7,22.6,0.0,0.0,0.0,0.0,0.0,39.4,982.5,1008.6,8.1,=
202406021409,681,349.1,2.2,341.0,2.7,358.6,2.4,22.3,0.0,0.0,0.0,0.0,0.0,30.4,986.1,1008.9,4.1,=
202406021409,682,109.0,1.0,92.6,1.3,27.7,2.8,14.5,0.0,0.0,0.0,0.0,0.0,63.1,890.8,1008.0,7.6,=
202406021409,687,335.3,2.9,326.2,5.1,327.8,3.1,26.4,0.0,0.0,0.0,0.0,0.0,27.5,1002.0,1009.0,6.2,=
202406021409,688,322.0,3.4,359.9,5.1,320.0,4.0,26.3,0.0,0.0,0.0,0.0,0.0,33.2,1006.1,1009.6,8.9,=
202406021409,689,342.1,2.8,336.3,4.0,355.4,2.1,25.8,0.0,0.0,0.0,0.0,0.0,26.8,1001.2,1009.5,5.3,=
202406021409,690,51.2,3.0,38.3,4.5,18.7,3.4,25.9,0.0,0.0,0.0,0.0,0.0,27.2,997.9,1009.0,5.6,=
202406021409,691,324.0,0.7,247.0,1.9,299.7,1.3,26.5,0.0,0.0,0.0,0.0,0.0,41.2,1006.9,1009.6,12.3,=
202406021409,692,244.0,2.9,239.1,3.4,267.4,2.1,25.9,0.0,0.0,0.0,0.0,0.0,35.1,-99.7,-99.7,9.3,=
202406021409,693,337.0,0.4,31.0,1.4,332.4,0.4,26.0,0.0,0.0,0.0,0.0,0.0,36.1,1001.4,1008.9,9.8,=
202406021409,694,276.3,2.3,298.9,4.4,300.5,3.6,17.6,0.0,0.0,0.0,0.0,0.0,69.1,933.3,1008.9,11.9,=
202406021409,695,311.4,3.3,319.6,4.1,316.6,2.7,17.1,0.0,0.0,0.0,0.0,0.0,54.3,-99.7,-99.7,7.8,=
202406021409,696,35.7,3.0,43.7,4.9,23.5,1.8,17.9,0.0,0.0,0.0,0.0,5.0,71.6,1001.1,1010.7,12.7,=
202406021409,697,288.0,1.8,305.0,3.0,286.0,1.8,20.4,0.0,0.0,0.0,0.0,0.0,69.6,1011.5,1012.2,14.7,=
202406021409,698,314.0,1.9,356.0,3.9,273.6,2.7,23.5,0.0,0.0,0.0,0.0,0.0,55.2,1011.8,1014.7,14.0,=
202406021409,699,303.0,4.7,298.0,5.9,310.4,4.1,24.5,0.0,0.0,0.0,0.0,0.0,44.7,1006.4,1010.7,11.7,=
202406021409,700,324.0,1.7,324.8,2.1,296.6,1.4,20.5,0.0,0.0,0.0,0.0,0.0,77.8,1004.6,1011.4,16.5,=
202406021409,701,320.8,4.5,331.9,5.2,307.9,4.1,23.7,0.0,0.0,0.0,0.0,0.0,37.2,-99.7,-99.7,8.2,=
202406021409,702,270.6,6.0,278.4,6.7,257.2,6.2,24.7,0.0,0.0,0.0,0.0,0.0,31.3,-99.7,-99.7,6.6,=
202406021409,703,230.7,4.1,244.7,4.9,281.5,3.9,23.5,0.0,0.0,0.0,0.0,0.0,38.3,-99.7,-99.7,8.5,=
202406021409,704,321.2,3.2,328.2,3.7,304.7,2.9,21.2,0.0,0.0,0.0,0.0,0.0,67.8,1010.5,1010.7,15.0,=
202406021409,706,6.9,5.1,16.9,6.0,354.4,4.9,27.9,0.0,0.0,0.0,0.0,0.0,33.2,-99.7,-99.7,10.3,=
202406021409,707,315.0,3.1,323.0,4.8,282.5,2.7,24.7,0.0,0.0,0.0,0.0,0.0,54.3,1007.5,1011.4,14.9,=
202406021409,708,169.6,4.5,191.3,5.0,162.0,4.3,26.7,0.0,0.0,0.0,0.0,0.0,34.1,-99.7,-99.7,9.6,=
202406021409,709,289.6,7.1,309.6,9.3,307.0,6.3,26.6,0.0,0.0,0.0,0.0,0.0,33.2,1006.0,1009.1,9.1,=
202406021409,710,352.2,5.4,351.7,7.2,336.5,5.0,26.0,0.0,0.0,0.0,0.0,0.0,34.9,1009.7,1010.6,9.3,=
202406021409,711,353.7,2.2,335.6,4.4,356.6,3.1,26.4,0.0,0.0,0.0,0.0,0.0,28.6,-99.7,-99.7,6.7,=
202406021409,712,333.8,3.2,340.3,3.6,316.4,4.5,27.8,0.0,0.0,0.0,0.0,0.0,32.2,-99.7,-99.7,9.7,=
202406021409,713,303.6,2.8,317.8,3.6,300.7,2.7,28.5,0.0,0.0,0.0,0.0,0.0,29.7,-99.7,-99.7,9.1,=
202406021409,714,273.9,4.0,274.1,5.1,266.3,3.2,22.4,0.0,0.0,0.0,0.0,0.0,-99.7,1011.3,1011.5,-99.9,=
202406021409,716,239.6,5.7,240.1,6.7,240.0,4.8,21.5,0.0,0.0,0.0,0.0,0.0,74.8,1011.1,1011.4,16.8,=
202406021409,717,269.6,5.0,259.6,5.5,266.1,5.4,23.1,0.0,0.0,0.0,0.0,0.0,60.4,1008.8,1010.1,15.0,=
202406021409,718,264.0,4.3,257.0,5.7,278.3,4.4,20.1,0.0,0.0,0.0,0.0,0.0,72.5,1010.9,1011.7,15.0,=
202406021409,719,282.8,3.4,272.3,4.3,280.0,3.9,20.4,0.0,0.0,0.0,0.0,0.0,72.1,1008.7,1010.0,15.2,=
202406021409,720,265.2,4.9,255.3,6.8,254.4,4.3,20.4,0.0,0.0,0.0,0.0,0.0,64.7,1008.5,1011.7,13.5,=
202406021409,721,176.9,4.2,160.2,5.9,178.9,3.8,22.4,0.0,0.0,0.0,0.0,0.0,59.1,1009.6,1010.1,14.0,=
202406021409,722,308.1,3.4,289.2,5.7,305.2,4.0,26.1,0.0,0.0,0.0,0.0,0.0,28.9,997.3,1009.8,6.6,=
202406021409,723,225.6,2.4,259.2,4.9,234.5,3.0,21.3,0.0,0.0,0.0,0.0,0.0,63.0,1008.9,1009.7,14.0,=
202406021409,724,254.5,2.7,219.4,4.4,238.5,2.0,21.7,0.0,0.0,0.0,0.0,0.0,65.2,1010.5,1011.4,14.9,=
202406021409,725,343.8,6.2,347.1,7.7,343.5,6.6,20.5,0.0,0.0,0.0,0.0,0.0,80.5,1010.1,1011.2,17.0,=
202406021409,726,321.0,9.6,319.0,11.0,321.1,9.7,19.6,0.0,0.0,0.0,0.0,0.0,77.0,1009.8,1011.1,15.5,=
202406021409,727,338.6,2.4,311.7,3.4,331.8,2.5,20.4,0.0,0.0,0.0,0.0,0.0,58.0,-99.7,-99.7,11.9,=
202406021409,730,318.0,3.0,301.0,4.5,343.1,4.0,27.1,0.0,0.0,0.0,0.0,0.0,29.5,1005.0,1010.0,7.8,=
202406021409,731,268.0,6.0,263.0,7.3,308.4,3.0,25.8,0.0,0.0,0.0,0.0,0.0,40.5,1009.7,1010.2,11.4,=
202406021409,732,293.6,3.7,292.4,5.4,314.9,3.6,25.3,0.0,0.0,0.0,0.0,0.0,32.8,992.4,1008.9,7.8,=
202406021409,733,239.9,1.9,180.5,2.9,233.2,2.6,22.9,0.0,0.0,0.0,0.0,0.0,52.2,-99.7,-99.7,12.6,=
202406021409,734,280.4,1.5,290.0,2.0,284.4,1.8,25.6,0.0,0.0,0.0,0.0,0.0,37.9,1002.7,1010.0,10.2,=
202406021409,735,77.0,1.0,25.2,1.6,57.1,0.9,20.0,0.0,0.0,0.0,0.0,0.0,40.9,934.9,1008.3,6.3,=
202406021409,736,260.8,5.9,269.4,7.1,265.0,5.3,24.6,0.0,0.0,0.0,0.0,0.0,43.6,1010.0,1010.2,11.4,=
202406021409,737,269.7,4.5,255.9,5.7,284.8,4.4,25.2,0.0,0.0,0.0,-99.9,0.0,38.7,-99.7,-99.7,10.2,=
202406021409,738,259.3,5.6,256.6,7.7,258.3,5.0,22.7,0.0,0.0,0.0,0.0,0.0,43.1,1008.6,1010.4,9.5,=
202406021409,739,290.3,3.6,293.8,4.8,285.0,3.8,23.6,0.0,0.0,0.0,0.0,0.0,65.2,1009.9,1011.3,16.7,=
202406021409,741,21.7,5.4,25.2,6.9,12.5,3.8,26.5,0.0,0.0,0.0,0.0,0.0,28.3,999.3,1010.0,6.7,=
202406021409,742,340.0,4.8,339.7,6.0,337.6,4.0,23.6,0.0,0.0,0.0,0.0,0.0,52.9,1008.7,1010.1,13.4,=
202406021409,743,103.6,3.3,100.7,4.3,100.2,3.0,20.6,0.0,0.0,0.0,0.0,0.0,67.8,-99.7,-99.7,14.4,=
202406021409,744,263.0,4.1,255.0,5.4,251.1,4.3,24.6,0.0,0.0,0.0,0.0,0.0,50.1,1010.3,1010.9,13.5,=
202406021409,745,282.0,7.3,278.5,9.1,279.9,5.8,25.2,0.0,0.0,0.0,0.0,0.0,38.7,1004.3,1009.9,10.2,=
202406021409,746,244.0,2.7,213.8,3.8,251.5,3.1,23.5,0.0,0.0,0.0,0.0,0.0,56.2,-99.7,-99.7,14.3,=
202406021409,747,228.9,2.2,233.1,2.8,214.5,2.6,22.5,0.0,0.0,0.0,0.0,0.0,68.9,1007.3,1010.1,16.5,=
202406021409,748,353.9,2.9,346.2,3.8,331.4,3.7,27.9,0.0,0.0,0.0,0.0,0.0,34.4,1009.1,1009.3,10.8,=
202406021409,749,173.0,2.2,188.4,2.9,167.1,2.0,26.2,0.0,0.0,0.0,0.0,0.0,40.0,1004.9,1007.7,11.6,=
202406021409,750,198.5,1.2,214.0,2.6,188.7,2.2,24.6,0.0,0.0,0.0,0.0,0.0,41.5,1006.9,1009.5,10.7,=
202406021409,751,358.3,2.8,343.8,4.5,359.3,3.0,23.2,0.0,0.0,0.0,0.0,0.0,41.7,-99.7,-99.7,9.5,=
202406021409,752,324.9,2.4,323.9,3.8,320.4,2.3,20.6,0.0,0.0,0.0,0.0,0.0,59.5,-99.7,-99.7,12.4,=
202406021409,753,78.4,2.4,68.3,4.0,63.0,2.2,17.5,0.0,0.0,0.0,0.0,0.0,45.3,-99.7,-99.7,5.5,=
202406021409,754,276.2,4.2,277.3,6.2,270.2,3.1,25.3,0.0,0.0,0.0,0.0,0.0,49.3,1008.6,1009.8,13.9,=
202406021409,755,9.0,2.0,29.0,5.0,327.0,4.3,25.4,0.0,0.0,0.0,0.0,0.0,29.8,988.2,1009.3,6.5,=
202406021409,756,328.8,2.5,309.4,3.1,323.9,2.4,20.1,0.0,0.0,0.0,0.0,0.0,77.2,1010.6,1011.1,16.0,=
202406021409,757,19.9,4.3,342.1,6.6,8.1,2.9,23.7,0.0,0.0,0.0,0.0,0.0,34.9,978.7,1008.9,7.3,=
202406021409,758,311.6,4.9,339.7,6.9,26.3,2.8,25.0,0.0,0.0,0.0,0.0,0.0,30.6,972.2,1008.1,6.5,=
202406021409,759,126.7,1.6,110.0,2.5,105.0,1.4,22.6,0.0,0.0,0.0,0.0,0.0,38.7,-99.7,-99.7,7.8,=
202406021409,760,101.1,4.5,151.6,8.5,30.1,3.4,24.2,0.0,0.0,0.0,0.0,0.0,30.7,976.9,1008.4,5.9,=
202406021409,761,304.5,3.8,308.8,5.0,290.9,4.0,25.5,0.0,0.0,0.0,0.0,0.0,34.0,1008.5,1010.2,8.5,=
202406021409,762,98.9,6.7,103.0,8.9,90.6,4.4,25.7,0.0,0.0,0.0,0.0,0.0,31.9,991.8,1010.5,7.7,=
202406021409,763,280.4,2.6,281.5,3.9,279.9,2.3,25.2,0.0,0.0,0.0,0.0,0.0,45.1,1005.4,1009.7,12.5,=
202406021409,764,318.0,4.2,318.0,6.1,328.1,3.6,23.3,0.0,0.0,0.0,0.0,0.0,38.3,985.6,1009.5,8.3,=
202406021409,765,341.4,2.9,329.2,4.3,352.6,3.0,26.4,0.0,0.0,0.0,0.0,0.0,32.0,997.6,1010.0,8.4,=
202406021409,766,145.3,3.9,143.9,4.9,126.8,4.5,24.8,0.0,0.0,0.0,0.0,0.0,41.4,1000.0,1008.9,10.8,=
202406021409,767,318.3,4.3,312.3,6.6,319.4,4.3,26.6,0.0,0.0,0.0,0.0,0.0,40.2,1009.3,1009.7,12.0,=
202406021409,768,43.8,6.3,91.4,8.2,66.3,6.0,26.2,0.0,0.0,0.0,0.0,0.0,29.8,998.1,1009.5,7.2,=
202406021409,769,319.1,3.2,315.8,4.2,312.3,3.1,23.1,0.0,0.0,0.0,0.0,0.0,56.7,1010.8,1011.4,14.0,=
202406021409,770,309.4,3.1,331.4,3.8,307.8,2.8,25.9,0.0,0.0,0.0,0.0,0.0,33.7,996.9,1008.1,8.7,=
202406021409,771,279.8,4.3,270.6,5.3,287.9,4.0,23.1,0.0,0.0,0.0,0.0,0.0,66.1,1010.9,1011.3,16.4,=
202406021409,772,263.1,4.8,253.3,5.8,261.7,4.5,21.2,0.0,0.0,0.0,0.0,0.0,70.7,1011.4,1011.6,15.7,=
202406021409,773,305.1,1.7,324.9,2.8,302.8,1.6,25.7,0.0,0.0,0.0,0.0,0.0,38.5,1002.2,1010.4,10.5,=
202406021409,774,330.4,1.5,288.5,3.0,302.5,3.3,24.3,0.0,0.0,0.0,0.0,0.0,44.0,1009.4,1010.7,11.3,=
202406021409,775,168.4,2.4,280.7,3.1,252.1,1.9,26.6,0.0,0.0,0.0,0.0,0.0,30.3,1006.2,1010.2,7.8,=
202406021409,776,232.1,4.8,234.5,6.0,231.6,5.2,23.7,0.0,0.0,0.0,0.0,0.0,50.1,1008.1,1010.0,12.7,=
202406021409,777,287.5,1.5,325.4,2.3,347.5,3.2,26.2,0.0,0.0,0.0,0.0,0.0,41.6,1006.2,1010.4,12.1,=
202406021409,778,293.0,2.0,241.6,3.4,239.8,4.2,25.7,0.0,0.0,0.0,0.0,0.0,41.4,998.7,1009.6,11.6,=
202406021409,779,329.9,2.2,16.8,3.1,328.8,2.6,21.2,0.0,0.0,0.0,0.0,0.0,62.2,-99.7,-99.7,13.7,=
202406021409,780,16.8,3.3,15.4,4.3,11.0,3.6,26.4,0.0,0.0,0.0,0.0,0.0,29.0,-99.7,-99.7,7.0,=
202406021409,781,302.1,4.0,291.1,5.8,300.0,5.0,22.7,0.0,0.0,0.0,0.0,0.0,62.7,-99.7,-99.7,15.2,=
202406021409,782,355.2,4.1,347.4,5.5,350.9,4.8,18.6,0.0,0.0,0.0,0.0,0.0,39.6,-99.7,-99.7,4.6,=
202406021409,783,359.8,1.2,21.1,1.7,359.8,1.5,27.9,0.0,0.0,0.0,0.0,0.0,23.9,1006.2,1009.6,5.4,=
202406021409,784,333.2,2.6,345.6,3.5,325.9,2.9,26.1,0.0,0.0,0.0,0.0,0.0,38.1,1007.9,1010.4,10.7,=
202406021409,785,333.8,6.1,339.5,7.8,337.2,5.0,25.7,0.0,0.0,0.0,0.0,0.0,38.8,1008.5,1010.0,10.6,=
202406021409,786,213.6,1.0,207.1,1.6,220.8,1.1,25.7,0.0,0.0,0.0,0.0,0.0,38.3,1007.0,1008.9,10.5,=
202406021409,787,274.5,5.7,269.3,6.5,265.8,6.4,26.7,0.0,0.0,0.0,0.0,0.0,40.2,1006.6,1008.0,12.1,=
202406021409,788,83.1,3.2,97.3,4.9,63.0,3.7,25.8,0.0,0.0,0.0,0.0,0.0,28.9,1001.4,1008.8,6.4,=
202406021409,789,37.3,6.0,32.0,6.7,40.8,5.7,22.6,0.0,0.0,0.0,0.0,0.0,71.3,1010.3,1011.3,17.1,=
202406021409,790,201.4,1.4,245.3,2.9,212.9,1.7,24.7,0.0,0.0,0.0,0.0,0.0,50.8,993.8,1009.2,13.8,=
202406021409,791,215.0,1.4,247.5,2.3,184.1,1.6,25.8,0.0,0.0,0.0,0.0,0.0,28.1,-99.7,-99.7,6.0,=
202406021409,792,50.1,3.2,19.6,4.5,58.8,2.7,24.8,0.0,0.0,0.0,0.0,0.0,33.7,1001.4,1010.6,7.8,=
202406021409,793,311.4,5.2,319.3,6.4,304.3,5.7,20.8,0.0,0.0,0.0,0.0,0.0,60.0,-99.7,-99.7,12.8,=
202406021409,794,268.0,6.1,256.1,7.6,254.3,3.4,27.2,0.0,0.0,0.0,0.0,0.0,28.0,1000.1,1008.7,7.1,=
202406021409,795,36.9,2.3,63.7,2.8,41.7,2.6,25.8,0.0,-99.9,-99.9,-99.9,-99.5,27.6,998.7,1008.5,5.7,=
202406021409,796,257.6,4.1,253.1,7.4,259.5,3.8,22.6,0.0,0.0,0.0,0.0,0.0,54.5,1005.8,1010.1,13.0,=
202406021409,797,287.7,4.3,293.9,4.7,282.7,4.3,19.6,0.0,0.0,0.0,0.0,0.0,78.1,1007.4,1011.5,15.7,=
202406021409,798,337.7,3.2,344.9,3.4,335.2,3.3,22.1,0.0,0.0,0.0,0.0,0.0,70.1,1008.7,1011.4,16.4,=
202406021409,799,214.1,1.3,198.2,2.8,213.9,1.5,20.9,0.0,0.0,0.0,0.0,0.0,75.6,1009.6,1011.0,16.4,=
202406021409,800,89.1,4.2,76.7,5.3,82.5,3.9,18.5,0.0,0.0,0.0,0.0,0.0,73.7,1009.8,1010.6,13.7,=
202406021409,801,280.3,1.7,303.8,2.5,351.4,2.9,20.4,0.0,0.0,0.0,0.0,0.0,64.7,-99.7,-99.7,13.5,=
202406021409,802,114.3,1.3,140.7,2.2,59.7,1.6,17.7,0.0,0.0,0.0,0.0,0.0,71.8,994.1,1010.6,12.6,=
202406021409,803,327.2,0.8,270.2,1.7,304.0,1.6,23.0,0.0,0.0,0.0,0.0,0.0,41.0,983.5,1008.3,9.1,=
202406021409,804,112.6,4.7,107.4,5.7,90.1,4.1,18.5,0.0,0.0,0.0,0.0,0.0,73.4,1005.7,1010.0,13.7,=
202406021409,805,139.9,3.0,131.4,3.8,178.3,2.3,19.5,0.0,0.0,0.0,0.0,0.0,68.6,982.9,1009.0,13.6,=
202406021409,806,295.5,2.0,303.3,2.8,288.5,1.7,26.1,0.0,0.0,0.0,0.0,0.0,34.2,1003.5,1008.2,9.1,=
202406021409,807,272.2,3.1,269.8,4.1,270.1,3.0,23.7,0.0,0.0,0.0,0.0,0.0,35.8,994.7,1007.6,7.7,=
202406021409,808,41.3,2.5,36.6,3.5,39.0,2.8,20.7,0.0,0.0,0.0,0.0,0.0,64.3,-99.7,-99.7,13.7,=
202406021409,809,31.3,3.8,16.9,4.8,21.8,3.8,25.6,0.0,0.0,0.0,0.0,0.0,31.1,-99.7,-99.7,7.3,=
202406021409,810,337.5,1.0,357.2,1.4,285.7,4.1,26.1,0.0,0.0,0.0,0.0,0.0,27.6,-99.7,-99.7,6.0,=
202406021409,811,56.9,3.4,32.8,4.6,40.9,4.1,23.4,0.0,0.0,0.0,0.0,0.0,53.9,1005.0,1008.7,13.5,=
202406021409,812,5.3,3.1,348.8,5.5,1.2,2.2,26.4,0.0,0.0,0.0,0.0,0.0,32.3,-99.7,-99.7,8.5,=
202406021409,813,30.3,2.6,24.1,3.6,44.1,3.6,24.5,0.0,0.0,0.0,0.0,0.0,31.2,999.0,1007.8,6.4,=
202406021409,814,239.0,2.2,244.0,3.3,252.5,1.4,23.0,0.0,0.0,0.0,0.0,0.0,42.4,973.5,1007.4,9.6,=
202406021409,815,231.0,1.2,223.0,2.0,284.5,1.2,24.4,0.0,0.0,0.0,0.0,0.0,37.5,996.6,1008.1,9.0,=
202406021409,816,103.0,4.1,107.0,5.4,92.8,4.0,19.2,0.0,0.0,0.0,0.0,0.0,69.5,1003.6,1008.5,13.5,=
202406021409,817,50.0,4.9,51.0,6.7,53.1,4.3,19.0,0.0,0.0,0.0,0.0,0.0,66.5,965.8,1008.9,12.6,=
202406021409,818,231.5,2.7,233.6,4.5,235.9,3.8,23.2,0.0,0.0,0.0,0.0,0.0,41.5,982.0,1006.4,9.4,=
202406021409,819,47.4,0.6,98.8,0.9,189.8,2.0,21.8,0.0,0.0,0.0,0.0,0.0,57.2,984.6,1007.7,13.0,=
202406021409,820,307.8,1.5,304.0,3.1,287.5,2.4,24.3,0.0,0.0,0.0,0.0,0.0,39.5,1000.2,1008.8,9.7,=
202406021409,821,294.5,2.4,313.0,3.8,282.7,2.7,24.9,0.0,0.0,0.0,0.0,0.0,35.5,-99.7,-99.7,8.6,=
202406021409,822,298.1,4.1,304.0,5.3,334.9,3.0,26.7,0.0,0.0,0.0,0.0,0.0,31.2,999.0,1007.9,8.3,=
202406021409,823,63.0,2.6,233.4,3.0,49.3,2.3,25.4,0.0,0.0,0.0,0.0,0.0,36.5,998.1,1007.3,9.5,=
202406021409,824,284.5,4.3,291.0,4.8,296.8,3.3,24.8,0.0,0.0,0.0,0.0,0.0,33.5,994.6,1007.6,7.7,=
202406021409,825,315.2,1.7,290.0,2.6,350.2,1.9,25.5,0.0,0.0,0.0,0.0,0.0,36.3,1005.1,1008.5,9.5,=
202406021409,826,358.8,3.5,5.5,5.5,354.3,3.2,25.9,0.0,0.0,0.0,0.0,0.0,33.8,993.5,1008.3,8.8,=
202406021409,827,349.5,2.6,337.7,4.1,340.2,3.0,25.6,0.0,0.0,0.0,0.0,0.0,30.1,1001.8,1008.8,6.8,=
202406021409,828,141.7,2.2,166.0,3.1,67.4,1.9,26.5,0.0,0.0,0.0,0.0,0.0,33.5,1006.0,1008.8,9.2,=
202406021409,829,124.9,3.0,93.2,4.6,92.6,3.2,21.1,0.0,-99.9,-99.9,-99.9,-99.5,61.0,1000.8,1009.2,13.3,=
202406021409,830,115.3,3.4,122.4,4.4,92.2,2.6,19.9,0.0,0.0,0.0,0.0,0.0,59.3,1005.1,1010.3,11.7,=
202406021409,831,53.0,1.7,45.0,2.3,44.2,1.1,15.7,0.0,0.0,0.0,0.0,0.0,70.8,-99.7,-99.7,10.4,=
202406021409,832,309.7,2.9,298.9,5.8,314.2,3.1,27.2,0.0,0.0,0.0,0.0,0.0,33.3,-99.7,-99.7,9.7,=
202406021409,833,269.1,3.9,265.7,5.0,279.9,2.4,24.6,0.0,0.0,0.0,0.0,0.0,37.0,988.0,1007.8,9.0,=
202406021409,834,26.3,2.2,45.1,3.7,8.1,2.9,24.4,0.0,0.0,0.0,0.0,0.0,34.8,-99.7,-99.7,7.9,=
202406021409,835,186.3,1.9,194.2,3.1,200.7,2.6,25.1,0.0,0.0,0.0,0.0,0.0,41.5,986.7,1007.6,11.1,=
202406021409,836,260.8,2.2,290.5,3.6,237.5,2.2,23.6,0.0,0.0,0.0,0.0,0.0,42.7,-99.7,-99.7,10.2,=
202406021409,837,208.9,0.6,239.1,1.3,200.8,0.7,24.4,0.0,0.0,0.0,0.0,0.0,41.4,986.9,1008.1,10.5,=
202406021409,838,306.0,2.5,330.5,3.1,312.0,3.1,21.2,0.0,0.0,0.0,0.0,0.0,43.7,957.4,1008.0,8.4,=
202406021409,839,337.5,1.1,330.1,2.1,308.6,3.0,25.2,0.0,0.0,0.0,0.0,0.0,35.8,993.0,1007.6,9.0,=
202406021409,840,309.3,2.1,293.3,3.3,303.0,2.9,25.2,0.0,0.0,0.0,0.0,0.0,31.2,-99.7,-99.7,7.0,=
202406021409,841,236.0,3.0,237.8,3.6,282.6,2.1,23.5,0.0,0.0,0.0,0.0,0.0,44.5,992.2,1007.9,10.7,=
202406021409,842,108.2,5.1,106.9,6.0,99.6,5.4,21.9,0.0,0.0,0.0,0.0,0.0,58.4,988.7,1008.1,13.4,=
202406021409,843,123.7,3.3,137.8,4.6,133.1,3.2,16.6,0.0,0.0,0.0,0.0,0.0,78.9,984.9,1010.4,12.9,=
202406021409,844,128.0,2.6,134.1,3.6,131.6,2.1,19.1,0.0,0.0,0.0,0.0,0.0,70.8,1007.6,1010.2,13.7,=
202406021409,845,213.5,1.1,171.7,1.6,266.6,1.0,25.2,0.0,0.0,0.0,0.0,0.0,23.6,1004.6,1008.0,3.0,=
202406021409,846,15.2,3.1,22.1,3.9,333.0,3.2,27.0,0.0,0.0,0.0,0.0,0.0,29.6,999.4,1008.0,7.8,=
202406021409,847,11.9,3.1,348.0,4.7,319.1,1.8,24.4,0.0,0.0,0.0,0.0,0.0,34.8,1000.4,1008.4,7.9,=
202406021409,848,247.7,2.2,260.3,2.6,281.3,2.1,25.8,0.0,0.0,0.0,0.0,0.0,33.2,996.0,1007.8,8.4,=
202406021409,849,264.8,1.2,275.3,2.5,266.9,2.4,26.2,0.0,0.0,0.0,0.0,0.0,39.0,998.9,1008.5,11.2,=
202406021409,850,94.4,3.6,115.3,4.1,95.9,3.6,20.0,0.0,0.0,0.0,0.0,0.0,70.7,-99.7,-99.7,14.5,=
202406021409,851,56.3,1.4,82.8,2.2,60.4,2.1,17.7,0.0,0.0,0.0,0.0,0.0,72.4,1001.7,1011.0,12.7,=
202406021409,852,63.6,2.9,44.7,3.8,67.5,2.8,17.5,0.0,0.0,0.0,0.0,0.0,69.5,1005.7,1010.5,11.9,=
202406021409,853,65.3,1.4,25.4,2.2,255.0,1.8,21.6,0.0,0.0,0.0,0.0,0.0,40.4,944.3,1007.3,7.6,=
202406021409,854,84.0,2.4,78.0,3.9,77.7,4.0,21.1,0.0,0.0,0.0,0.0,0.0,65.3,990.1,1009.2,14.3,=
202406021409,855,312.9,8.9,314.7,10.0,312.3,8.9,19.3,0.0,0.0,0.0,0.0,0.0,75.9,1011.0,1011.5,14.9,=
202406021409,856,311.0,1.9,325.0,2.9,348.4,1.9,23.1,0.0,0.0,0.0,0.0,0.0,37.4,951.1,1007.9,7.8,=
202406021409,857,274.4,2.6,284.4,4.1,279.4,3.3,20.9,0.0,0.0,0.0,0.0,0.0,66.6,1009.2,1010.2,14.5,=
202406021409,858,273.0,5.3,279.0,5.8,274.6,4.5,21.5,0.0,0.0,0.0,0.0,0.0,65.5,1007.0,1011.0,14.8,=
202406021409,859,159.9,2.3,167.5,5.1,123.6,2.0,16.3,0.0,0.0,0.0,0.0,0.0,78.7,955.2,1009.4,12.6,=
202406021409,860,295.8,2.8,303.9,4.1,285.9,2.3,26.6,0.0,0.0,0.0,0.0,0.0,27.5,1001.4,1008.0,6.4,=
202406021409,861,260.0,6.2,258.7,8.3,257.6,5.9,20.9,0.0,0.0,0.0,0.0,0.0,70.9,1008.3,1010.7,15.4,=
202406021409,862,312.0,2.9,306.6,4.1,297.0,3.2,22.7,0.0,0.0,0.0,0.0,0.0,44.1,988.2,1010.5,9.9,=
202406021409,863,325.0,1.5,337.0,2.4,316.9,1.4,21.5,0.0,0.0,0.0,0.0,0.0,58.5,1004.9,1011.0,13.0,=
202406021409,864,271.4,3.0,252.7,4.2,287.8,2.5,26.1,0.0,0.0,0.0,0.0,0.0,30.8,1003.7,1009.9,7.6,=
202406021409,865,68.1,3.8,80.2,4.5,37.5,3.6,22.1,0.0,0.0,0.0,0.0,0.0,51.8,984.6,1011.2,11.7,=
202406021409,867,269.5,3.1,256.9,6.0,282.3,3.0,12.8,0.0,0.0,0.0,0.0,0.0,50.4,847.6,1010.2,2.7,=
202406021409,868,45.6,4.1,23.5,6.6,59.1,3.4,13.6,0.0,0.0,0.0,0.0,0.0,51.4,858.3,1009.9,3.8,=
202406021409,869,301.5,2.2,292.5,3.8,303.9,1.7,14.3,0.0,0.0,0.0,0.0,0.0,40.3,875.1,1013.0,1.0,=
202406021409,870,336.6,3.9,2.1,5.8,334.6,3.5,13.1,0.0,0.0,0.0,0.0,0.0,51.8,847.9,1008.5,3.4,=
202406021409,871,14.2,6.6,10.9,8.1,14.5,5.8,11.9,0.0,0.0,0.0,0.0,0.0,55.1,829.6,1009.4,3.2,=
202406021409,872,202.0,2.4,207.9,3.1,149.0,1.4,19.0,0.0,0.0,0.0,0.0,0.0,38.7,910.6,1006.2,4.6,=
202406021409,874,271.3,2.1,270.7,3.7,351.7,2.6,24.3,0.0,0.0,0.0,0.0,0.0,39.8,989.9,1008.3,9.8,=
202406021409,875,10.7,1.8,2.2,2.0,28.9,1.4,6.6,0.0,0.0,0.0,0.0,0.5,97.0,835.2,1011.0,6.2,=
202406021409,876,94.0,1.3,95.0,2.5,84.0,1.2,19.0,0.0,0.0,0.0,0.0,0.0,67.7,1004.1,1010.7,12.9,=
202406021409,877,145.0,1.5,169.0,2.0,205.8,1.5,24.6,0.0,0.0,0.0,0.0,0.0,36.9,1001.3,1008.0,8.9,=
202406021409,878,313.5,0.7,298.1,0.8,260.8,0.5,13.6,0.0,0.0,0.0,0.0,3.5,84.4,-99.7,-99.7,11.0,=
202406021409,881,208.0,3.5,207.0,4.5,208.4,3.4,21.4,0.0,0.0,0.0,0.0,0.0,69.4,1010.0,1011.2,15.6,=
202406021409,882,81.8,0.1,109.9,0.2,323.1,0.2,25.1,0.0,0.0,0.0,0.0,0.0,29.5,996.7,1008.8,6.1,=
202406021409,883,297.1,3.5,308.7,5.0,319.3,3.0,19.4,0.0,0.0,0.0,0.0,0.0,67.3,961.0,1010.4,13.2,=
202406021409,884,173.0,3.2,162.8,3.9,155.9,4.1,22.9,0.0,0.0,0.0,0.0,0.0,44.3,-99.7,-99.7,10.1,=
202406021409,885,3.2,2.3,64.0,3.9,348.3,3.3,21.0,0.0,0.0,0.0,0.0,0.0,50.2,982.6,1010.5,10.2,=
202406021409,886,278.0,3.2,276.0,4.4,238.1,3.7,23.2,0.0,0.0,0.0,0.0,0.0,50.5,1010.2,1010.9,12.4,=
202406021409,888,355.2,4.4,5.6,6.0,9.5,3.4,24.9,0.0,0.0,0.0,0.0,0.0,33.3,-99.7,-99.7,7.7,=
202406021409,889,187.2,1.6,118.1,3.2,249.9,2.5,25.8,0.0,0.0,0.0,0.0,0.0,36.4,1007.1,1008.9,9.8,=
202406021409,890,327.5,3.1,290.2,4.3,335.3,4.0,22.1,0.0,0.0,0.0,0.0,0.0,43.1,978.9,1010.0,9.0,=
202406021409,892,349.5,3.2,354.4,4.0,345.5,3.8,23.7,0.0,0.0,0.0,0.0,0.0,46.0,998.4,1010.0,11.4,=
202406021409,893,298.5,4.8,304.2,5.5,306.4,4.0,20.8,0.0,0.0,0.0,0.0,0.0,66.4,1011.4,1012.0,14.3,=
202406021409,896,-99.9,-99.9,-99.9,-99.9,-99.9,-99.9,-99.9,-99.9,-99.9,-99.9,-99.9,-99.9,-99.9,-99.9,-99.9,-99.9,=
202406021409,897,-99.7,-99.7,-99.7,-99.7,-99.9,-99.9,-99.7,-99.7,-99.9,-99.9,-99.9,-99.7,-99.7,-99.7,-99.7,-99.9,=
202406021409,898,72.6,2.4,73.1,3.3,75.8,2.1,20.4,0.0,0.0,0.0,0.0,0.0,59.9,1010.1,1010.3,12.4,=
202406021409,899,49.8,4.7,59.6,7.2,6.0,3.4,26.1,0.0,0.0,0.0,0.0,0.0,28.9,1004.2,1008.0,6.6,=
202406021409,900,170.6,2.9,181.5,3.6,173.7,3.2,20.4,0.0,0.0,0.0,0.0,0.0,65.7,995.1,1008.7,13.8,=
202406021409,901,78.1,2.9,90.0,4.2,74.3,2.7,20.0,0.0,0.0,0.0,0.0,0.0,72.0,1001.7,1009.6,14.8,=
202406021409,902,55.1,4.2,50.6,5.6,40.8,4.9,25.7,0.0,0.0,0.0,0.0,0.0,28.8,-99.7,-99.7,6.2,=
202406021409,903,17.0,4.9,22.1,6.1,54.8,3.7,28.7,0.0,0.0,0.0,0.0,0.0,33.4,1006.0,1007.7,11.0,=
202406021409,904,123.0,3.4,135.4,4.8,141.6,3.4,22.4,0.0,0.0,0.0,0.0,0.0,61.3,1008.5,1008.6,14.6,=
202406021409,905,71.2,2.9,73.2,4.0,60.1,2.9,21.7,0.0,0.0,0.0,0.0,0.0,62.6,999.3,1008.9,14.3,=
202406021409,906,134.5,3.2,188.8,4.4,117.7,2.0,27.1,0.0,0.0,0.0,0.0,0.0,32.0,998.2,1008.3,9.0,=
202406021409,907,131.1,3.9,141.8,4.9,123.8,3.9,24.4,0.0,0.0,0.0,0.0,0.0,50.5,1005.5,1008.8,13.5,=
202406021409,908,61.0,2.1,84.6,2.8,41.9,3.0,22.4,0.0,0.0,0.0,0.0,0.0,60.1,1007.6,1008.9,14.3,=
202406021409,909,260.4,2.6,247.6,4.3,250.7,2.9,20.0,0.0,0.0,0.0,0.0,0.0,77.0,997.0,1009.7,15.8,=
202406021409,910,50.1,3.2,67.5,4.4,50.6,2.9,23.3,0.0,0.0,0.0,0.0,0.0,69.1,993.8,1009.6,17.3,=
202406021409,911,-99.9,-99.9,-99.9,-99.9,-99.9,-99.9,-99.9,-99.9,-99.9,-99.9,-99.9,-99.9,-99.9,-99.9,-99.9,-99.9,=
202406021409,912,337.7,5.2,6.1,6.2,331.3,5.0,26.0,0.0,0.0,0.0,0.0,0.0,36.9,992.8,1008.6,10.2,=
202406021409,913,152.1,3.8,157.7,4.8,154.4,2.9,23.2,0.0,0.0,0.0,0.0,0.0,42.7,1006.9,1009.1,9.8,=
202406021409,914,315.5,1.8,281.5,3.5,325.8,1.9,23.6,0.0,0.0,0.0,0.0,0.0,34.9,968.5,1007.9,7.2,=
202406021409,915,320.4,2.8,266.2,3.6,22.7,4.3,26.7,0.0,0.0,0.0,0.0,0.0,29.6,997.6,1007.2,7.5,=
202406021409,916,313.9,5.2,318.7,6.8,315.3,4.8,27.2,0.0,0.0,0.0,0.0,0.0,28.6,-99.7,-99.7,7.4,=
202406021409,917,265.8,3.3,296.8,4.6,271.0,3.5,25.5,0.0,0.0,0.0,0.0,0.0,35.8,1005.8,1008.7,9.3,=
202406021409,918,169.7,6.1,160.7,7.3,179.6,5.8,23.4,0.0,0.0,0.0,0.0,0.0,54.2,1007.8,1008.6,13.6,=
202406021409,919,12.3,2.8,33.7,3.9,23.5,3.3,27.2,0.0,0.0,0.0,0.0,0.0,32.5,1005.6,1009.0,9.3,=
202406021409,920,356.4,2.5,180.2,4.2,31.4,2.0,25.5,0.0,0.0,0.0,0.0,0.0,34.8,1007.1,1008.1,8.8,=
202406021409,921,306.4,2.8,5.6,3.7,306.2,3.1,22.2,0.0,0.0,0.0,0.0,0.0,68.9,-99.7,-99.7,16.2,=
202406021409,922,250.3,0.8,198.2,2.2,217.7,2.2,26.0,0.0,0.0,0.0,0.0,0.0,31.5,991.9,1007.5,7.8,=
202406021409,923,76.1,1.8,92.1,3.7,82.7,1.9,19.6,0.0,0.0,0.0,0.0,0.0,73.4,1002.4,1010.0,14.7,=
202406021409,924,25.0,3.9,25.0,4.8,34.3,3.5,19.6,0.0,0.0,0.0,0.0,0.0,70.7,1007.2,1009.8,14.1,=
202406021409,925,268.1,1.4,259.4,2.0,295.9,1.5,27.0,0.0,0.0,0.0,0.0,0.0,27.7,-99.7,-99.7,6.8,=
202406021409,926,326.9,4.4,310.6,5.6,339.5,3.6,26.4,0.0,0.0,0.0,0.0,0.0,33.9,1007.0,1008.5,9.2,=
202406021409,927,106.3,0.7,347.5,1.1,306.5,1.3,26.1,0.0,0.0,0.0,0.0,0.0,35.4,993.6,1007.9,9.6,=
202406021409,929,215.4,3.5,209.5,5.3,247.1,2.8,25.2,0.0,0.0,0.0,0.0,0.0,39.6,993.7,1008.4,10.5,=
202406021409,930,300.9,1.1,354.4,1.7,215.9,2.8,22.5,0.0,0.0,0.0,0.0,0.0,62.7,1009.2,1010.0,15.0,=
202406021409,931,179.9,3.7,185.6,4.4,180.9,3.2,21.6,0.0,0.0,0.0,0.0,0.0,67.1,1001.0,1009.5,15.2,=
202406021409,932,200.4,3.1,182.8,3.8,205.9,2.4,26.5,0.0,0.0,0.0,0.0,0.0,37.9,1008.1,1008.6,11.0,=
202406021409,933,111.8,3.3,114.7,4.7,118.3,2.9,25.4,0.0,0.0,0.0,0.0,0.0,41.5,1005.1,1008.8,11.4,=
202406021409,934,22.5,3.1,31.8,3.9,51.7,3.8,26.1,0.0,0.0,0.0,0.0,0.0,30.3,998.7,1008.1,7.3,=
202406021409,935,8.1,2.4,7.7,3.5,305.1,2.5,26.6,0.0,0.0,0.0,0.0,0.0,22.6,1005.7,1008.4,3.5,=
202406021409,936,358.8,4.3,3.1,5.0,337.8,4.0,26.8,0.0,0.0,0.0,0.0,0.0,31.1,1001.3,1008.2,8.3,=
202406021409,937,54.0,1.4,345.9,2.5,84.9,1.3,22.9,0.0,0.0,0.0,0.0,0.0,63.1,-99.7,-99.7,15.5,=
202406021409,938,129.0,3.8,134.0,4.6,137.6,3.5,22.0,0.0,0.0,0.0,0.0,0.0,62.4,997.1,1010.2,14.5,=
202406021409,939,141.1,2.1,152.9,3.6,147.8,1.4,21.0,0.0,0.0,0.0,0.0,0.0,66.6,1003.6,1009.3,14.6,=
202406021409,940,167.8,0.3,174.1,0.7,165.2,1.2,21.9,0.0,0.0,0.0,0.0,0.0,62.9,1000.8,1008.8,14.5,=
202406021409,941,98.7,4.4,96.2,6.6,90.4,3.7,23.5,0.0,0.0,0.0,0.0,0.0,55.2,1008.6,1009.4,14.0,=
202406021409,942,84.9,1.6,47.9,2.9,91.2,1.5,22.5,0.0,0.0,0.0,0.0,0.0,65.5,995.6,1009.8,15.7,=
202406021409,943,125.2,0.9,154.7,2.5,119.5,1.0,16.3,0.0,0.0,0.0,0.0,0.0,81.0,-99.7,-99.7,13.0,=
202406021409,944,286.7,2.4,300.0,3.1,312.4,2.7,27.3,0.0,0.0,0.0,0.0,0.0,24.7,1006.5,1007.6,5.4,=
202406021409,945,330.7,3.6,315.4,4.7,344.6,4.5,25.5,0.0,0.0,0.0,0.0,0.0,30.6,982.6,1008.6,7.0,=
202406021409,946,-99.9,-99.9,-99.9,-99.9,-99.9,-99.9,-99.9,-99.9,-99.9,-99.9,-99.9,-99.9,-99.9,-99.9,-99.9,-99.9,=
202406021409,947,174.6,3.3,182.5,4.7,182.5,3.2,22.4,0.0,0.0,0.0,0.0,0.0,47.1,1005.9,1009.4,10.6,=
202406021409,948,30.3,4.7,39.4,7.3,47.1,4.7,27.2,0.0,0.0,0.0,0.0,0.0,31.2,992.6,1008.3,8.7,=
202406021409,949,13.8,2.3,19.7,2.5,13.4,2.3,20.1,-99.5,0.0,0.0,0.0,0.0,65.8,1009.7,1010.6,13.5,=
202406021409,950,135.7,5.8,140.6,6.8,136.2,6.4,20.6,0.0,0.0,0.0,0.0,0.0,68.7,-99.7,-99.7,14.7,=
202406021409,951,339.4,3.3,344.0,4.8,339.9,2.2,25.9,0.0,0.0,0.0,0.0,0.0,30.4,-99.7,-99.7,7.2,=
202406021409,953,153.9,0.8,97.9,1.9,124.5,1.9,25.5,0.0,0.0,0.0,0.0,0.0,46.3,1004.6,1008.1,13.1,=
202406021409,954,33.0,2.8,40.0,3.9,41.9,3.3,21.7,0.0,0.0,0.0,0.0,0.0,62.4,1003.2,1009.4,14.2,=
202406021409,955,204.4,2.0,206.2,2.2,208.9,1.9,17.2,-99.7,-99.9,-99.9,-99.9,-99.7,78.0,1009.3,1011.4,13.3,=
202406021409,956,246.2,4.2,247.6,4.4,239.9,3.5,16.9,-99.7,-99.9,-99.9,-99.9,-99.7,82.7,1009.2,1011.1,13.9,=
202406021409,957,299.1,3.2,299.9,3.3,293.1,3.4,18.0,0.0,-99.9,-99.9,-99.9,-99.7,85.9,1000.8,1011.9,15.6,=
202406021409,958,319.1,2.7,320.5,2.9,317.9,2.9,18.7,-99.7,-99.9,-99.9,-99.9,-99.7,84.9,1009.6,1011.3,16.1,=
202406021409,959,333.4,5.8,334.0,6.2,334.7,5.9,19.0,-99.7,-99.9,-99.9,-99.9,-99.7,77.0,1010.5,1011.9,14.9,=
202406021409,960,138.6,5.7,129.9,6.6,133.6,6.9,22.3,-99.7,-99.9,-99.9,-99.9,-99.7,51.9,1009.1,1011.2,12.0,=
202406021409,961,221.0,4.4,224.0,5.2,220.7,4.1,21.9,-99.7,-99.9,-99.9,-99.9,-99.7,67.0,1008.8,1011.9,15.5,=
202406021409,963,85.0,2.9,85.6,3.2,87.8,3.5,19.3,-99.7,-99.9,-99.9,-99.9,-99.7,75.9,1008.9,1010.8,14.9,=
202406021409,964,333.3,5.4,340.3,8.4,345.0,4.1,25.6,0.0,0.0,0.0,0.0,0.0,33.6,1004.3,1010.0,8.4,=
202406021409,965,135.3,3.2,117.2,4.6,227.5,2.6,12.4,0.0,0.0,0.0,0.0,0.0,49.9,-99.7,-99.7,2.2,=
202406021409,966,252.1,2.9,257.0,3.8,247.7,2.9,17.2,0.0,0.0,0.0,0.0,0.0,70.7,1005.2,1009.7,11.8,=
202406021409,967,274.6,7.0,263.5,8.0,275.6,7.8,17.6,0.0,0.0,0.0,0.0,0.0,65.2,1001.9,1010.1,11.0,=
202406021409,970,278.2,1.2,262.5,1.8,258.8,1.8,23.2,0.0,0.0,0.0,0.0,0.0,46.1,987.8,1008.1,11.0,=
202406021409,972,219.6,1.1,199.7,1.5,256.7,0.4,24.7,0.0,0.0,0.0,0.0,0.0,46.1,998.3,1008.3,12.4,=
202406021409,973,305.3,4.9,295.3,7.8,324.9,5.1,27.2,0.0,0.0,0.0,0.0,0.0,32.6,1006.1,1010.6,9.4,=
202406021409,974,67.8,3.8,61.9,4.7,65.5,4.1,26.8,0.0,0.0,0.0,0.0,0.0,32.1,-99.7,-99.7,8.8,=
202406021409,977,319.0,2.7,320.6,3.0,309.9,3.5,25.8,0.0,0.0,0.0,0.0,0.0,40.2,-99.7,-99.7,11.3,=
202406021409,978,99.2,2.2,87.2,2.7,102.8,1.7,23.9,0.0,0.0,0.0,0.0,0.0,47.5,-99.7,-99.7,12.1,=
202406021409,980,169.3,4.6,170.5,4.8,166.6,3.5,22.8,0.0,0.0,0.0,0.0,0.0,45.5,994.3,1009.7,10.4,=
202406021409,984,105.6,2.2,112.9,3.7,102.6,2.2,21.1,-99.7,-99.9,-99.9,-99.9,-99.7,67.3,1005.6,1009.8,14.8,=
202406021409,989,342.5,4.4,354.4,5.7,344.6,4.6,22.1,0.0,0.0,0.0,0.0,0.0,53.3,1000.6,1011.1,12.2,=
202406021409,990,307.5,4.3,316.0,5.8,301.2,4.6,21.6,0.0,0.0,0.0,0.0,0.0,60.6,1002.8,1011.8,13.7,=
202406021409,991,49.1,2.0,48.7,3.2,343.9,1.8,26.5,0.0,0.0,0.0,0.0,0.0,35.6,1005.4,1008.5,10.1,=
202406021409,992,101.8,2.8,323.1,3.3,37.8,3.5,26.4,0.0,0.0,0.0,0.0,0.0,33.0,1004.2,1008.2,8.9,=
202406021409,993,315.7,4.7,303.4,6.0,303.7,4.7,19.1,0.0,0.0,0.0,0.0,0.0,65.1,979.1,1010.9,12.4,=
202406021409,994,318.3,5.3,317.8,5.5,314.5,5.2,22.0,0.0,0.0,0.0,0.0,0.0,60.8,1010.8,1011.1,14.1,=
202406021409,995,26.7,2.9,19.1,3.4,48.0,2.4,19.1,0.0,0.0,0.0,0.0,0.0,67.6,1000.3,1009.6,13.0,=
202406021409,996,308.8,5.7,315.0,6.9,275.4,3.4,22.9,0.0,0.0,0.0,0.0,0.0,38.8,967.6,1007.9,8.1,=
#7777END
